# https://apps.et-gw.eu/tds/?content=3&r=14323
   1.0000000e+00   4.8012536e-21
   1.0030759e+00   4.6320455e-21
   1.0061612e+00   4.4689088e-21
   1.0092560e+00   4.3116372e-21
   1.0123603e+00   4.1600311e-21
   1.0154742e+00   4.0138974e-21
   1.0185976e+00   3.8730494e-21
   1.0217307e+00   3.7373062e-21
   1.0248734e+00   3.6064932e-21
   1.0280258e+00   3.4804413e-21
   1.0311878e+00   3.3589872e-21
   1.0343596e+00   3.2419726e-21
   1.0375412e+00   3.1292449e-21
   1.0407325e+00   3.0206562e-21
   1.0439336e+00   2.9160636e-21
   1.0471446e+00   2.8153289e-21
   1.0503655e+00   2.7183188e-21
   1.0535963e+00   2.6249039e-21
   1.0568370e+00   2.5349596e-21
   1.0600877e+00   2.4483652e-21
   1.0633483e+00   2.3650041e-21
   1.0666191e+00   2.2847636e-21
   1.0698998e+00   2.2075347e-21
   1.0731907e+00   2.1332121e-21
   1.0764917e+00   2.0616941e-21
   1.0798028e+00   1.9928822e-21
   1.0831241e+00   1.9266814e-21
   1.0864557e+00   1.8629997e-21
   1.0897974e+00   1.8017484e-21
   1.0931495e+00   1.7428414e-21
   1.0965119e+00   1.6861959e-21
   1.0998846e+00   1.6317315e-21
   1.1032677e+00   1.5793663e-21
   1.1066612e+00   1.5290198e-21
   1.1100651e+00   1.4806187e-21
   1.1134795e+00   1.4340924e-21
   1.1169044e+00   1.3893729e-21
   1.1203398e+00   1.3463942e-21
   1.1237859e+00   1.3050930e-21
   1.1272425e+00   1.2654079e-21
   1.1307097e+00   1.2272799e-21
   1.1341876e+00   1.1906519e-21
   1.1376762e+00   1.1554686e-21
   1.1411755e+00   1.1216767e-21
   1.1446856e+00   1.0892249e-21
   1.1482065e+00   1.0580633e-21
   1.1517382e+00   1.0281438e-21
   1.1552808e+00   9.9942002e-22
   1.1588343e+00   9.7184693e-22
   1.1623987e+00   9.4538110e-22
   1.1659741e+00   9.1998047e-22
   1.1695605e+00   8.9560438e-22
   1.1731579e+00   8.7221349e-22
   1.1767663e+00   8.4976973e-22
   1.1803859e+00   8.2823627e-22
   1.1840166e+00   8.0757748e-22
   1.1876585e+00   7.8775886e-22
   1.1913115e+00   7.6874703e-22
   1.1949758e+00   7.5050971e-22
   1.1986514e+00   7.3301566e-22
   1.2023383e+00   7.1623537e-22
   1.2060365e+00   7.0014213e-22
   1.2097461e+00   6.8470749e-22
   1.2134671e+00   6.6990374e-22
   1.2171996e+00   6.5570408e-22
   1.2209435e+00   6.4208263e-22
   1.2246989e+00   6.2901440e-22
   1.2284659e+00   6.1647527e-22
   1.2322445e+00   6.0444198e-22
   1.2360347e+00   5.9289207e-22
   1.2398366e+00   5.8180393e-22
   1.2436502e+00   5.7115672e-22
   1.2474755e+00   5.6093038e-22
   1.2513125e+00   5.5110561e-22
   1.2551614e+00   5.4166386e-22
   1.2590221e+00   5.3258729e-22
   1.2628946e+00   5.2385878e-22
   1.2667791e+00   5.1546190e-22
   1.2706756e+00   5.0738087e-22
   1.2745840e+00   4.9960061e-22
   1.2785044e+00   4.9210663e-22
   1.2824369e+00   4.8488509e-22
   1.2863815e+00   4.7792275e-22
   1.2903382e+00   4.7120695e-22
   1.2943071e+00   4.6472560e-22
   1.2982882e+00   4.5846716e-22
   1.3022816e+00   4.5242075e-22
   1.3062872e+00   4.4657642e-22
   1.3103052e+00   4.4092413e-22
   1.3143355e+00   4.3545429e-22
   1.3183782e+00   4.3015773e-22
   1.3224333e+00   4.2502577e-22
   1.3265010e+00   4.2005016e-22
   1.3305811e+00   4.1522304e-22
   1.3346738e+00   4.1053698e-22
   1.3387790e+00   4.0598493e-22
   1.3428969e+00   4.0156019e-22
   1.3470275e+00   3.9725643e-22
   1.3511708e+00   3.9306763e-22
   1.3553268e+00   3.8898813e-22
   1.3594956e+00   3.8501253e-22
   1.3636772e+00   3.8113575e-22
   1.3678716e+00   3.7735298e-22
   1.3720790e+00   3.7365966e-22
   1.3762993e+00   3.7005149e-22
   1.3805326e+00   3.6652442e-22
   1.3847790e+00   3.6307461e-22
   1.3890384e+00   3.5969843e-22
   1.3933108e+00   3.5639245e-22
   1.3975965e+00   3.5315346e-22
   1.4018953e+00   3.4997841e-22
   1.4062073e+00   3.4686453e-22
   1.4105326e+00   3.4380913e-22
   1.4148712e+00   3.4080961e-22
   1.4192231e+00   3.3786354e-22
   1.4235885e+00   3.3496861e-22
   1.4279672e+00   3.3212267e-22
   1.4323594e+00   3.2932368e-22
   1.4367652e+00   3.2656970e-22
   1.4411845e+00   3.2385891e-22
   1.4456173e+00   3.2118961e-22
   1.4500639e+00   3.1856019e-22
   1.4545241e+00   3.1596910e-22
   1.4589980e+00   3.1341493e-22
   1.4634856e+00   3.1089630e-22
   1.4679871e+00   3.0841195e-22
   1.4725024e+00   3.0596065e-22
   1.4770316e+00   3.0354128e-22
   1.4815748e+00   3.0115276e-22
   1.4861319e+00   2.9879406e-22
   1.4907030e+00   2.9646423e-22
   1.4952882e+00   2.9416235e-22
   1.4998875e+00   2.9188757e-22
   1.5045009e+00   2.8963910e-22
   1.5091286e+00   2.8741618e-22
   1.5137704e+00   2.8521807e-22
   1.5184266e+00   2.8304409e-22
   1.5230970e+00   2.8089357e-22
   1.5277819e+00   2.7876590e-22
   1.5324811e+00   2.7666049e-22
   1.5371948e+00   2.7457678e-22
   1.5419230e+00   2.7251425e-22
   1.5466657e+00   2.7047237e-22
   1.5514231e+00   2.6845069e-22
   1.5561950e+00   2.6644875e-22
   1.5609817e+00   2.6446611e-22
   1.5657830e+00   2.6250236e-22
   1.5705991e+00   2.6055712e-22
   1.5754301e+00   2.5863000e-22
   1.5802759e+00   2.5672067e-22
   1.5851366e+00   2.5482876e-22
   1.5900122e+00   2.5295398e-22
   1.5949029e+00   2.5109599e-22
   1.5998086e+00   2.4925451e-22
   1.6047294e+00   2.4742927e-22
   1.6096653e+00   2.4561998e-22
   1.6146164e+00   2.4382639e-22
   1.6195827e+00   2.4204826e-22
   1.6245643e+00   2.4028533e-22
   1.6295613e+00   2.3853738e-22
   1.6345736e+00   2.3680420e-22
   1.6396013e+00   2.3508555e-22
   1.6446445e+00   2.3338125e-22
   1.6497031e+00   2.3169109e-22
   1.6547774e+00   2.3001488e-22
   1.6598673e+00   2.2835243e-22
   1.6649728e+00   2.2670358e-22
   1.6700940e+00   2.2506814e-22
   1.6752310e+00   2.2344595e-22
   1.6803837e+00   2.2183685e-22
   1.6855524e+00   2.2024069e-22
   1.6907369e+00   2.1865730e-22
   1.6959373e+00   2.1708655e-22
   1.7011538e+00   2.1552829e-22
   1.7063863e+00   2.1398238e-22
   1.7116349e+00   2.1244869e-22
   1.7168997e+00   2.1092708e-22
   1.7221806e+00   2.0941743e-22
   1.7274778e+00   2.0791961e-22
   1.7327913e+00   2.0643351e-22
   1.7381211e+00   2.0495899e-22
   1.7434673e+00   2.0349594e-22
   1.7488300e+00   2.0204426e-22
   1.7542091e+00   2.0060382e-22
   1.7596048e+00   1.9917452e-22
   1.7650171e+00   1.9775625e-22
   1.7704460e+00   1.9634890e-22
   1.7758917e+00   1.9495238e-22
   1.7813541e+00   1.9356658e-22
   1.7868333e+00   1.9219141e-22
   1.7923293e+00   1.9082676e-22
   1.7978423e+00   1.8947254e-22
   1.8033722e+00   1.8812866e-22
   1.8089191e+00   1.8679502e-22
   1.8144831e+00   1.8547153e-22
   1.8200642e+00   1.8415811e-22
   1.8256624e+00   1.8285467e-22
   1.8312779e+00   1.8156112e-22
   1.8369106e+00   1.8027737e-22
   1.8425607e+00   1.7900334e-22
   1.8482282e+00   1.7773895e-22
   1.8539131e+00   1.7648411e-22
   1.8596154e+00   1.7523875e-22
   1.8653353e+00   1.7400279e-22
   1.8710728e+00   1.7277614e-22
   1.8768280e+00   1.7155872e-22
   1.8826009e+00   1.7035048e-22
   1.8883915e+00   1.6915131e-22
   1.8941999e+00   1.6796116e-22
   1.9000262e+00   1.6677995e-22
   1.9058704e+00   1.6560760e-22
   1.9117326e+00   1.6444404e-22
   1.9176128e+00   1.6328921e-22
   1.9235111e+00   1.6214302e-22
   1.9294276e+00   1.6100542e-22
   1.9353622e+00   1.5987632e-22
   1.9413151e+00   1.5875568e-22
   1.9472863e+00   1.5764340e-22
   1.9532759e+00   1.5653944e-22
   1.9592839e+00   1.5544371e-22
   1.9653104e+00   1.5435617e-22
   1.9713554e+00   1.5327673e-22
   1.9774190e+00   1.5220535e-22
   1.9835012e+00   1.5114194e-22
   1.9896022e+00   1.5008646e-22
   1.9957219e+00   1.4903884e-22
   2.0018605e+00   1.4799901e-22
   2.0080179e+00   1.4696692e-22
   2.0141943e+00   1.4594250e-22
   2.0203897e+00   1.4492570e-22
   2.0266041e+00   1.4391645e-22
   2.0328377e+00   1.4291470e-22
   2.0390904e+00   1.4192038e-22
   2.0453623e+00   1.4093345e-22
   2.0516536e+00   1.3995383e-22
   2.0579642e+00   1.3898148e-22
   2.0642942e+00   1.3801634e-22
   2.0706437e+00   1.3705835e-22
   2.0770127e+00   1.3610745e-22
   2.0834013e+00   1.3516360e-22
   2.0898095e+00   1.3422674e-22
   2.0962375e+00   1.3329680e-22
   2.1026852e+00   1.3237375e-22
   2.1091528e+00   1.3145752e-22
   2.1156402e+00   1.3054807e-22
   2.1221476e+00   1.2964534e-22
   2.1286750e+00   1.2874927e-22
   2.1352226e+00   1.2785982e-22
   2.1417902e+00   1.2697694e-22
   2.1483780e+00   1.2610058e-22
   2.1549861e+00   1.2523068e-22
   2.1616146e+00   1.2436720e-22
   2.1682634e+00   1.2351008e-22
   2.1749327e+00   1.2265929e-22
   2.1816224e+00   1.2181476e-22
   2.1883328e+00   1.2097645e-22
   2.1950638e+00   1.2014431e-22
   2.2018155e+00   1.1931830e-22
   2.2085880e+00   1.1849837e-22
   2.2153813e+00   1.1768447e-22
   2.2221955e+00   1.1687656e-22
   2.2290306e+00   1.1607458e-22
   2.2358868e+00   1.1527850e-22
   2.2427641e+00   1.1448827e-22
   2.2496625e+00   1.1370385e-22
   2.2565822e+00   1.1292518e-22
   2.2635231e+00   1.1215223e-22
   2.2704854e+00   1.1138495e-22
   2.2774691e+00   1.1062329e-22
   2.2844742e+00   1.0986723e-22
   2.2915009e+00   1.0911670e-22
   2.2985493e+00   1.0837168e-22
   2.3056193e+00   1.0763211e-22
   2.3127110e+00   1.0689796e-22
   2.3198246e+00   1.0616918e-22
   2.3269601e+00   1.0544574e-22
   2.3341175e+00   1.0472759e-22
   2.3412969e+00   1.0401469e-22
   2.3484984e+00   1.0330701e-22
   2.3557220e+00   1.0260449e-22
   2.3629679e+00   1.0190711e-22
   2.3702360e+00   1.0121482e-22
   2.3775265e+00   1.0052759e-22
   2.3848395e+00   9.9845366e-23
   2.3921749e+00   9.9168124e-23
   2.3995329e+00   9.8495821e-23
   2.4069135e+00   9.7828420e-23
   2.4143168e+00   9.7165882e-23
   2.4217429e+00   9.6508171e-23
   2.4291919e+00   9.5855250e-23
   2.4366637e+00   9.5207081e-23
   2.4441586e+00   9.4563630e-23
   2.4516764e+00   9.3924859e-23
   2.4592175e+00   9.3290733e-23
   2.4667817e+00   9.2661216e-23
   2.4743691e+00   9.2036273e-23
   2.4819799e+00   9.1415869e-23
   2.4896142e+00   9.0799970e-23
   2.4972719e+00   9.0188541e-23
   2.5049531e+00   8.9581547e-23
   2.5126580e+00   8.8978955e-23
   2.5203866e+00   8.8380730e-23
   2.5281389e+00   8.7786841e-23
   2.5359151e+00   8.7197253e-23
   2.5437152e+00   8.6611933e-23
   2.5515393e+00   8.6030850e-23
   2.5593875e+00   8.5453970e-23
   2.5672598e+00   8.4881261e-23
   2.5751563e+00   8.4312691e-23
   2.5830772e+00   8.3748230e-23
   2.5910223e+00   8.3187844e-23
   2.5989920e+00   8.2631503e-23
   2.6069861e+00   8.2079177e-23
   2.6150048e+00   8.1530833e-23
   2.6230482e+00   8.0986443e-23
   2.6311163e+00   8.0445975e-23
   2.6392092e+00   7.9909400e-23
   2.6473271e+00   7.9376687e-23
   2.6554699e+00   7.8847807e-23
   2.6636377e+00   7.8322732e-23
   2.6718307e+00   7.7801430e-23
   2.6800489e+00   7.7283875e-23
   2.6882923e+00   7.6770036e-23
   2.6965611e+00   7.6259886e-23
   2.7048554e+00   7.5753396e-23
   2.7131751e+00   7.5250539e-23
   2.7215205e+00   7.4751285e-23
   2.7298915e+00   7.4255609e-23
   2.7382882e+00   7.3763482e-23
   2.7467108e+00   7.3274877e-23
   2.7551593e+00   7.2789767e-23
   2.7636338e+00   7.2308125e-23
   2.7721343e+00   7.1829925e-23
   2.7806610e+00   7.1355141e-23
   2.7892139e+00   7.0883746e-23
   2.7977932e+00   7.0415713e-23
   2.8063988e+00   6.9951019e-23
   2.8150309e+00   6.9489636e-23
   2.8236895e+00   6.9031540e-23
   2.8323748e+00   6.8576705e-23
   2.8410868e+00   6.8125106e-23
   2.8498255e+00   6.7676718e-23
   2.8585912e+00   6.7231518e-23
   2.8673838e+00   6.6789479e-23
   2.8762035e+00   6.6350579e-23
   2.8850503e+00   6.5914793e-23
   2.8939243e+00   6.5482097e-23
   2.9028256e+00   6.5052468e-23
   2.9117543e+00   6.4625881e-23
   2.9207104e+00   6.4202314e-23
   2.9296941e+00   6.3781744e-23
   2.9387054e+00   6.3364147e-23
   2.9477444e+00   6.2949501e-23
   2.9568113e+00   6.2537783e-23
   2.9659060e+00   6.2128970e-23
   2.9750287e+00   6.1723041e-23
   2.9841795e+00   6.1319974e-23
   2.9933584e+00   6.0919745e-23
   3.0025656e+00   6.0522335e-23
   3.0118010e+00   6.0127720e-23
   3.0210649e+00   5.9735880e-23
   3.0303573e+00   5.9346793e-23
   3.0396782e+00   5.8960438e-23
   3.0490278e+00   5.8576795e-23
   3.0584062e+00   5.8195842e-23
   3.0678134e+00   5.7817559e-23
   3.0772496e+00   5.7441925e-23
   3.0867148e+00   5.7068921e-23
   3.0962091e+00   5.6698526e-23
   3.1057326e+00   5.6330720e-23
   3.1152853e+00   5.5965483e-23
   3.1248675e+00   5.5602796e-23
   3.1344792e+00   5.5242639e-23
   3.1441204e+00   5.4884993e-23
   3.1537913e+00   5.4529838e-23
   3.1634919e+00   5.4177156e-23
   3.1732223e+00   5.3826928e-23
   3.1829827e+00   5.3479134e-23
   3.1927731e+00   5.3133757e-23
   3.2025936e+00   5.2790778e-23
   3.2124443e+00   5.2450178e-23
   3.2223254e+00   5.2111939e-23
   3.2322368e+00   5.1776044e-23
   3.2421787e+00   5.1442474e-23
   3.2521512e+00   5.1111213e-23
   3.2621543e+00   5.0782241e-23
   3.2721882e+00   5.0455542e-23
   3.2822530e+00   5.0131098e-23
   3.2923488e+00   4.9808892e-23
   3.3024756e+00   4.9488908e-23
   3.3126335e+00   4.9171128e-23
   3.3228227e+00   4.8855535e-23
   3.3330432e+00   4.8542113e-23
   3.3432952e+00   4.8230846e-23
   3.3535787e+00   4.7921716e-23
   3.3638938e+00   4.7614708e-23
   3.3742407e+00   4.7309806e-23
   3.3846194e+00   4.7006993e-23
   3.3950300e+00   4.6706254e-23
   3.4054726e+00   4.6407574e-23
   3.4159474e+00   4.6110935e-23
   3.4264543e+00   4.5816324e-23
   3.4369936e+00   4.5523724e-23
   3.4475653e+00   4.5233121e-23
   3.4581695e+00   4.4944498e-23
   3.4688064e+00   4.4657843e-23
   3.4794759e+00   4.4373138e-23
   3.4901783e+00   4.4090370e-23
   3.5009136e+00   4.3809525e-23
   3.5116819e+00   4.3530587e-23
   3.5224834e+00   4.3253542e-23
   3.5333180e+00   4.2978376e-23
   3.5441860e+00   4.2705075e-23
   3.5550874e+00   4.2433625e-23
   3.5660224e+00   4.2164011e-23
   3.5769909e+00   4.1896221e-23
   3.5879932e+00   4.1630239e-23
   3.5990294e+00   4.1366054e-23
   3.6100995e+00   4.1103651e-23
   3.6212037e+00   4.0843016e-23
   3.6323420e+00   4.0584138e-23
   3.6435145e+00   4.0327001e-23
   3.6547215e+00   4.0071595e-23
   3.6659629e+00   3.9817904e-23
   3.6772389e+00   3.9565918e-23
   3.6885495e+00   3.9315622e-23
   3.6998950e+00   3.9067005e-23
   3.7112753e+00   3.8820054e-23
   3.7226907e+00   3.8574756e-23
   3.7341412e+00   3.8331099e-23
   3.7456268e+00   3.8089071e-23
   3.7571479e+00   3.7848660e-23
   3.7687043e+00   3.7609854e-23
   3.7802963e+00   3.7372640e-23
   3.7919240e+00   3.7137008e-23
   3.8035874e+00   3.6902945e-23
   3.8152867e+00   3.6670440e-23
   3.8270220e+00   3.6439481e-23
   3.8387933e+00   3.6210057e-23
   3.8506009e+00   3.5982157e-23
   3.8624448e+00   3.5755768e-23
   3.8743251e+00   3.5530881e-23
   3.8862420e+00   3.5307484e-23
   3.8981955e+00   3.5085566e-23
   3.9101858e+00   3.4865116e-23
   3.9222130e+00   3.4646123e-23
   3.9342772e+00   3.4428578e-23
   3.9463785e+00   3.4212468e-23
   3.9585170e+00   3.3997784e-23
   3.9706928e+00   3.3784516e-23
   3.9829061e+00   3.3572652e-23
   3.9951569e+00   3.3362182e-23
   4.0074455e+00   3.3153098e-23
   4.0197718e+00   3.2945387e-23
   4.0321361e+00   3.2739041e-23
   4.0445383e+00   3.2534049e-23
   4.0569788e+00   3.2330402e-23
   4.0694575e+00   3.2128090e-23
   4.0819745e+00   3.1927102e-23
   4.0945301e+00   3.1727431e-23
   4.1071243e+00   3.1529065e-23
   4.1197572e+00   3.1331996e-23
   4.1324290e+00   3.1136214e-23
   4.1451398e+00   3.0941710e-23
   4.1578896e+00   3.0748475e-23
   4.1706787e+00   3.0556499e-23
   4.1835071e+00   3.0365774e-23
   4.1963750e+00   3.0176291e-23
   4.2092825e+00   2.9988040e-23
   4.2222296e+00   2.9801013e-23
   4.2352166e+00   2.9615201e-23
   4.2482435e+00   2.9430596e-23
   4.2613105e+00   2.9247188e-23
   4.2744177e+00   2.9064970e-23
   4.2875652e+00   2.8883932e-23
   4.3007531e+00   2.8704066e-23
   4.3139816e+00   2.8525365e-23
   4.3272508e+00   2.8347819e-23
   4.3405608e+00   2.8171421e-23
   4.3539118e+00   2.7996162e-23
   4.3673038e+00   2.7822035e-23
   4.3807370e+00   2.7649031e-23
   4.3942115e+00   2.7477142e-23
   4.4077275e+00   2.7306361e-23
   4.4212851e+00   2.7136680e-23
   4.4348843e+00   2.6968090e-23
   4.4485254e+00   2.6800585e-23
   4.4622084e+00   2.6634157e-23
   4.4759335e+00   2.6468797e-23
   4.4897009e+00   2.6304500e-23
   4.5035105e+00   2.6141256e-23
   4.5173627e+00   2.5979060e-23
   4.5312575e+00   2.5817903e-23
   4.5451950e+00   2.5657778e-23
   4.5591753e+00   2.5498679e-23
   4.5731987e+00   2.5340597e-23
   4.5872652e+00   2.5183527e-23
   4.6013750e+00   2.5027460e-23
   4.6155282e+00   2.4872390e-23
   4.6297249e+00   2.4718310e-23
   4.6439653e+00   2.4565214e-23
   4.6582494e+00   2.4413093e-23
   4.6725776e+00   2.4261943e-23
   4.6869497e+00   2.4111755e-23
   4.7013661e+00   2.3962524e-23
   4.7158269e+00   2.3814242e-23
   4.7303321e+00   2.3666904e-23
   4.7448819e+00   2.3520502e-23
   4.7594765e+00   2.3375031e-23
   4.7741160e+00   2.3230484e-23
   4.7888005e+00   2.3086854e-23
   4.8035301e+00   2.2944136e-23
   4.8183051e+00   2.2802322e-23
   4.8331255e+00   2.2661408e-23
   4.8479915e+00   2.2521387e-23
   4.8629033e+00   2.2382252e-23
   4.8778609e+00   2.2243998e-23
   4.8928645e+00   2.2106619e-23
   4.9079142e+00   2.1970109e-23
   4.9230103e+00   2.1834462e-23
   4.9381528e+00   2.1699672e-23
   4.9533418e+00   2.1565733e-23
   4.9685776e+00   2.1432640e-23
   4.9838602e+00   2.1300387e-23
   4.9991899e+00   2.1168968e-23
   5.0145667e+00   2.1038378e-23
   5.0299908e+00   2.0908611e-23
   5.0454623e+00   2.0779661e-23
   5.0609814e+00   2.0651523e-23
   5.0765483e+00   2.0524192e-23
   5.0921630e+00   2.0397663e-23
   5.1078258e+00   2.0271929e-23
   5.1235368e+00   2.0146985e-23
   5.1392960e+00   2.0022827e-23
   5.1551038e+00   1.9899449e-23
   5.1709601e+00   1.9776846e-23
   5.1868653e+00   1.9655013e-23
   5.2028193e+00   1.9533944e-23
   5.2188225e+00   1.9413635e-23
   5.2348748e+00   1.9294080e-23
   5.2509766e+00   1.9175275e-23
   5.2671278e+00   1.9057214e-23
   5.2833288e+00   1.8939893e-23
   5.2995795e+00   1.8823306e-23
   5.3158803e+00   1.8707450e-23
   5.3322312e+00   1.8592318e-23
   5.3486324e+00   1.8477907e-23
   5.3650840e+00   1.8364211e-23
   5.3815862e+00   1.8251226e-23
   5.3981392e+00   1.8138948e-23
   5.4147431e+00   1.8027371e-23
   5.4313981e+00   1.7916491e-23
   5.4481043e+00   1.7806303e-23
   5.4648619e+00   1.7696803e-23
   5.4816711e+00   1.7587987e-23
   5.4985319e+00   1.7479849e-23
   5.5154446e+00   1.7372386e-23
   5.5324093e+00   1.7265593e-23
   5.5494262e+00   1.7159466e-23
   5.5664955e+00   1.7054000e-23
   5.5836172e+00   1.6949191e-23
   5.6007916e+00   1.6845035e-23
   5.6180189e+00   1.6741528e-23
   5.6352991e+00   1.6638665e-23
   5.6526325e+00   1.6536442e-23
   5.6700192e+00   1.6434855e-23
   5.6874594e+00   1.6333900e-23
   5.7049532e+00   1.6233573e-23
   5.7225008e+00   1.6133870e-23
   5.7401024e+00   1.6034787e-23
   5.7577581e+00   1.5936319e-23
   5.7754682e+00   1.5838464e-23
   5.7932327e+00   1.5741216e-23
   5.8110519e+00   1.5644572e-23
   5.8289258e+00   1.5548528e-23
   5.8468548e+00   1.5453080e-23
   5.8648389e+00   1.5358225e-23
   5.8828783e+00   1.5263958e-23
   5.9009732e+00   1.5170276e-23
   5.9191237e+00   1.5077176e-23
   5.9373301e+00   1.4984652e-23
   5.9555925e+00   1.4892703e-23
   5.9739111e+00   1.4801323e-23
   5.9922860e+00   1.4710509e-23
   6.0107174e+00   1.4620259e-23
   6.0292055e+00   1.4530567e-23
   6.0477505e+00   1.4441431e-23
   6.0663525e+00   1.4352847e-23
   6.0850117e+00   1.4264812e-23
   6.1037284e+00   1.4177322e-23
   6.1225026e+00   1.4090373e-23
   6.1413345e+00   1.4003962e-23
   6.1602244e+00   1.3918086e-23
   6.1791724e+00   1.3832742e-23
   6.1981786e+00   1.3747925e-23
   6.2172433e+00   1.3663633e-23
   6.2363667e+00   1.3579862e-23
   6.2555489e+00   1.3496610e-23
   6.2747901e+00   1.3413872e-23
   6.2940904e+00   1.3331645e-23
   6.3134501e+00   1.3249926e-23
   6.3328694e+00   1.3168713e-23
   6.3523484e+00   1.3088001e-23
   6.3718874e+00   1.3007788e-23
   6.3914864e+00   1.2928071e-23
   6.4111457e+00   1.2848846e-23
   6.4308655e+00   1.2770110e-23
   6.4506459e+00   1.2691860e-23
   6.4704871e+00   1.2614093e-23
   6.4903894e+00   1.2536807e-23
   6.5103530e+00   1.2459997e-23
   6.5303779e+00   1.2383662e-23
   6.5504644e+00   1.2307797e-23
   6.5706127e+00   1.2232401e-23
   6.5908230e+00   1.2157470e-23
   6.6110954e+00   1.2083001e-23
   6.6314302e+00   1.2008992e-23
   6.6518275e+00   1.1935439e-23
   6.6722876e+00   1.1862340e-23
   6.6928106e+00   1.1789691e-23
   6.7133968e+00   1.1717491e-23
   6.7340462e+00   1.1645735e-23
   6.7547592e+00   1.1574422e-23
   6.7755359e+00   1.1503549e-23
   6.7963764e+00   1.1433112e-23
   6.8172811e+00   1.1363109e-23
   6.8382501e+00   1.1293538e-23
   6.8592836e+00   1.1224396e-23
   6.8803818e+00   1.1155680e-23
   6.9015449e+00   1.1087387e-23
   6.9227730e+00   1.1019514e-23
   6.9440665e+00   1.0952060e-23
   6.9654255e+00   1.0885022e-23
   6.9868501e+00   1.0818396e-23
   7.0083407e+00   1.0752181e-23
   7.0298973e+00   1.0686373e-23
   7.0515203e+00   1.0620971e-23
   7.0732098e+00   1.0555971e-23
   7.0949660e+00   1.0491372e-23
   7.1167891e+00   1.0427170e-23
   7.1386793e+00   1.0363364e-23
   7.1606369e+00   1.0299950e-23
   7.1826620e+00   1.0236927e-23
   7.2047548e+00   1.0174292e-23
   7.2269156e+00   1.0112042e-23
   7.2491446e+00   1.0050175e-23
   7.2714419e+00   9.9886892e-24
   7.2938079e+00   9.9275817e-24
   7.3162426e+00   9.8668503e-24
   7.3387463e+00   9.8064925e-24
   7.3613192e+00   9.7465062e-24
   7.3839616e+00   9.6868889e-24
   7.4066736e+00   9.6276385e-24
   7.4294555e+00   9.5687526e-24
   7.4523074e+00   9.5102289e-24
   7.4752297e+00   9.4520653e-24
   7.4982224e+00   9.3942595e-24
   7.5212859e+00   9.3368093e-24
   7.5444203e+00   9.2797124e-24
   7.5676259e+00   9.2229668e-24
   7.5909028e+00   9.1665702e-24
   7.6142514e+00   9.1105204e-24
   7.6376717e+00   9.0548154e-24
   7.6611641e+00   8.9994529e-24
   7.6847288e+00   8.9444310e-24
   7.7083659e+00   8.8897474e-24
   7.7320757e+00   8.8354001e-24
   7.7558585e+00   8.7813870e-24
   7.7797144e+00   8.7277060e-24
   7.8036437e+00   8.6743551e-24
   7.8276466e+00   8.6213323e-24
   7.8517233e+00   8.5686355e-24
   7.8758741e+00   8.5162627e-24
   7.9000992e+00   8.4642119e-24
   7.9243988e+00   8.4124812e-24
   7.9487731e+00   8.3610685e-24
   7.9732224e+00   8.3099719e-24
   7.9977469e+00   8.2591894e-24
   8.0223468e+00   8.2087192e-24
   8.0470224e+00   8.1585592e-24
   8.0717739e+00   8.1087076e-24
   8.0966016e+00   8.0591625e-24
   8.1215056e+00   8.0099219e-24
   8.1464861e+00   7.9609841e-24
   8.1715436e+00   7.9123471e-24
   8.1966781e+00   7.8640091e-24
   8.2218899e+00   7.8159682e-24
   8.2471793e+00   7.7682227e-24
   8.2725464e+00   7.7207706e-24
   8.2979916e+00   7.6736103e-24
   8.3235150e+00   7.6267399e-24
   8.3491170e+00   7.5801575e-24
   8.3747977e+00   7.5338615e-24
   8.4005574e+00   7.4878501e-24
   8.4263963e+00   7.4421216e-24
   8.4523147e+00   7.3966741e-24
   8.4783128e+00   7.3515060e-24
   8.5043909e+00   7.3066155e-24
   8.5305492e+00   7.2620010e-24
   8.5567880e+00   7.2176607e-24
   8.5831074e+00   7.1735930e-24
   8.6095078e+00   7.1297961e-24
   8.6359895e+00   7.0862685e-24
   8.6625525e+00   7.0430084e-24
   8.6891973e+00   7.0000143e-24
   8.7159241e+00   6.9572844e-24
   8.7427330e+00   6.9148172e-24
   8.7696244e+00   6.8726111e-24
   8.7965985e+00   6.8306644e-24
   8.8236556e+00   6.7889755e-24
   8.8507959e+00   6.7475430e-24
   8.8780197e+00   6.7063651e-24
   8.9053272e+00   6.6654403e-24
   8.9327188e+00   6.6247672e-24
   8.9601945e+00   6.5843441e-24
   8.9877548e+00   6.5441694e-24
   9.0153999e+00   6.5042418e-24
   9.0431300e+00   6.4645596e-24
   9.0709454e+00   6.4251214e-24
   9.0988463e+00   6.3859256e-24
   9.1268331e+00   6.3469708e-24
   9.1549059e+00   6.3082555e-24
   9.1830651e+00   6.2697782e-24
   9.2113109e+00   6.2315375e-24
   9.2396436e+00   6.1935319e-24
   9.2680634e+00   6.1557600e-24
   9.2965707e+00   6.1182203e-24
   9.3251656e+00   6.0809115e-24
   9.3538485e+00   6.0438320e-24
   9.3826196e+00   6.0069805e-24
   9.4114792e+00   5.9703557e-24
   9.4404276e+00   5.9339560e-24
   9.4694650e+00   5.8977802e-24
   9.4985917e+00   5.8618268e-24
   9.5278080e+00   5.8260946e-24
   9.5571142e+00   5.7905820e-24
   9.5865105e+00   5.7552879e-24
   9.6159973e+00   5.7202108e-24
   9.6455747e+00   5.6853494e-24
   9.6752431e+00   5.6507025e-24
   9.7050028e+00   5.6162686e-24
   9.7348540e+00   5.5820466e-24
   9.7647970e+00   5.5480350e-24
   9.7948322e+00   5.5142326e-24
   9.8249597e+00   5.4806381e-24
   9.8551799e+00   5.4472503e-24
   9.8854930e+00   5.4140679e-24
   9.9158994e+00   5.3810896e-24
   9.9463993e+00   5.3483142e-24
   9.9769930e+00   5.3157404e-24
   1.0007681e+01   5.2833670e-24
   1.0038463e+01   5.2511928e-24
   1.0069340e+01   5.2192165e-24
   1.0100312e+01   5.1874370e-24
   1.0131379e+01   5.1558530e-24
   1.0162542e+01   5.1244633e-24
   1.0193800e+01   5.0932668e-24
   1.0225155e+01   5.0622623e-24
   1.0256606e+01   5.0314486e-24
   1.0288154e+01   5.0008245e-24
   1.0319799e+01   4.9703889e-24
   1.0351541e+01   4.9401406e-24
   1.0383381e+01   4.9100784e-24
   1.0415319e+01   4.8802013e-24
   1.0447355e+01   4.8505081e-24
   1.0479489e+01   4.8209977e-24
   1.0511723e+01   4.7916690e-24
   1.0544055e+01   4.7625207e-24
   1.0576487e+01   4.7335520e-24
   1.0609019e+01   4.7047615e-24
   1.0641651e+01   4.6761484e-24
   1.0674383e+01   4.6477114e-24
   1.0707216e+01   4.6194495e-24
   1.0740150e+01   4.5913616e-24
   1.0773185e+01   4.5634467e-24
   1.0806322e+01   4.5357037e-24
   1.0839560e+01   4.5081316e-24
   1.0872901e+01   4.4807292e-24
   1.0906345e+01   4.4534957e-24
   1.0939891e+01   4.4264299e-24
   1.0973541e+01   4.3995308e-24
   1.1007294e+01   4.3727974e-24
   1.1041151e+01   4.3462286e-24
   1.1075112e+01   4.3198236e-24
   1.1109177e+01   4.2935812e-24
   1.1143347e+01   4.2675006e-24
   1.1177623e+01   4.2415806e-24
   1.1212004e+01   4.2158204e-24
   1.1246490e+01   4.1902188e-24
   1.1281083e+01   4.1647751e-24
   1.1315782e+01   4.1394882e-24
   1.1350587e+01   4.1143571e-24
   1.1385500e+01   4.0893809e-24
   1.1420520e+01   4.0645587e-24
   1.1455648e+01   4.0398895e-24
   1.1490884e+01   4.0153724e-24
   1.1526229e+01   3.9910064e-24
   1.1561682e+01   3.9667907e-24
   1.1597244e+01   3.9427242e-24
   1.1632915e+01   3.9188062e-24
   1.1668696e+01   3.8950357e-24
   1.1704588e+01   3.8714118e-24
   1.1740589e+01   3.8479335e-24
   1.1776702e+01   3.8246001e-24
   1.1812925e+01   3.8014106e-24
   1.1849260e+01   3.7783642e-24
   1.1885707e+01   3.7554599e-24
   1.1922265e+01   3.7326969e-24
   1.1958937e+01   3.7100744e-24
   1.1995721e+01   3.6875915e-24
   1.2032618e+01   3.6652473e-24
   1.2069628e+01   3.6430410e-24
   1.2106753e+01   3.6209718e-24
   1.2143991e+01   3.5990388e-24
   1.2181345e+01   3.5772412e-24
   1.2218813e+01   3.5555781e-24
   1.2256396e+01   3.5340488e-24
   1.2294095e+01   3.5126524e-24
   1.2331910e+01   3.4913881e-24
   1.2369841e+01   3.4702551e-24
   1.2407889e+01   3.4492526e-24
   1.2446054e+01   3.4283799e-24
   1.2484336e+01   3.4076361e-24
   1.2522736e+01   3.3870204e-24
   1.2561254e+01   3.3665320e-24
   1.2599891e+01   3.3461703e-24
   1.2638646e+01   3.3259343e-24
   1.2677521e+01   3.3058234e-24
   1.2716515e+01   3.2858368e-24
   1.2755630e+01   3.2659737e-24
   1.2794864e+01   3.2462334e-24
   1.2834219e+01   3.2266151e-24
   1.2873696e+01   3.2071181e-24
   1.2913293e+01   3.1877416e-24
   1.2953013e+01   3.1684849e-24
   1.2992854e+01   3.1493473e-24
   1.3032818e+01   3.1303280e-24
   1.3072906e+01   3.1114264e-24
   1.3113116e+01   3.0926417e-24
   1.3153450e+01   3.0739732e-24
   1.3193908e+01   3.0554203e-24
   1.3234491e+01   3.0369821e-24
   1.3275198e+01   3.0186579e-24
   1.3316031e+01   3.0004472e-24
   1.3356989e+01   2.9823492e-24
   1.3398073e+01   2.9643633e-24
   1.3439284e+01   2.9464887e-24
   1.3480621e+01   2.9287247e-24
   1.3522086e+01   2.9110707e-24
   1.3563678e+01   2.8935261e-24
   1.3605398e+01   2.8760901e-24
   1.3647246e+01   2.8587621e-24
   1.3689223e+01   2.8415415e-24
   1.3731329e+01   2.8244275e-24
   1.3773565e+01   2.8074196e-24
   1.3815930e+01   2.7905171e-24
   1.3858426e+01   2.7737193e-24
   1.3901052e+01   2.7570257e-24
   1.3943810e+01   2.7404355e-24
   1.3986699e+01   2.7239482e-24
   1.4029720e+01   2.7075631e-24
   1.4072874e+01   2.6912796e-24
   1.4116160e+01   2.6750971e-24
   1.4159579e+01   2.6590150e-24
   1.4203132e+01   2.6430327e-24
   1.4246819e+01   2.6271495e-24
   1.4290640e+01   2.6113649e-24
   1.4334596e+01   2.5956783e-24
   1.4378687e+01   2.5800890e-24
   1.4422914e+01   2.5645965e-24
   1.4467277e+01   2.5492001e-24
   1.4511776e+01   2.5338994e-24
   1.4556412e+01   2.5186937e-24
   1.4601186e+01   2.5035825e-24
   1.4646097e+01   2.4885651e-24
   1.4691146e+01   2.4736410e-24
   1.4736334e+01   2.4588097e-24
   1.4781661e+01   2.4440705e-24
   1.4827127e+01   2.4294229e-24
   1.4872734e+01   2.4148664e-24
   1.4918480e+01   2.4004005e-24
   1.4964367e+01   2.3860244e-24
   1.5010395e+01   2.3717378e-24
   1.5056565e+01   2.3575401e-24
   1.5102877e+01   2.3434306e-24
   1.5149331e+01   2.3294090e-24
   1.5195929e+01   2.3154747e-24
   1.5242669e+01   2.3016270e-24
   1.5289553e+01   2.2878656e-24
   1.5336582e+01   2.2741899e-24
   1.5383755e+01   2.2605993e-24
   1.5431073e+01   2.2470934e-24
   1.5478537e+01   2.2336716e-24
   1.5526147e+01   2.2203335e-24
   1.5573903e+01   2.2070784e-24
   1.5621806e+01   2.1939060e-24
   1.5669857e+01   2.1808157e-24
   1.5718055e+01   2.1678070e-24
   1.5766401e+01   2.1548795e-24
   1.5814897e+01   2.1420326e-24
   1.5863541e+01   2.1292658e-24
   1.5912335e+01   2.1165787e-24
   1.5961279e+01   2.1039707e-24
   1.6010374e+01   2.0914415e-24
   1.6059619e+01   2.0789905e-24
   1.6109016e+01   2.0666173e-24
   1.6158565e+01   2.0543213e-24
   1.6208267e+01   2.0421021e-24
   1.6258121e+01   2.0299593e-24
   1.6308129e+01   2.0178924e-24
   1.6358290e+01   2.0059009e-24
   1.6408606e+01   1.9939843e-24
   1.6459077e+01   1.9821423e-24
   1.6509702e+01   1.9703744e-24
   1.6560484e+01   1.9586801e-24
   1.6611422e+01   1.9470589e-24
   1.6662516e+01   1.9355105e-24
   1.6713768e+01   1.9240344e-24
   1.6765177e+01   1.9126301e-24
   1.6816744e+01   1.9012973e-24
   1.6868470e+01   1.8900355e-24
   1.6920355e+01   1.8788442e-24
   1.6972400e+01   1.8677231e-24
   1.7024604e+01   1.8566716e-24
   1.7076970e+01   1.8456895e-24
   1.7129496e+01   1.8347762e-24
   1.7182184e+01   1.8239314e-24
   1.7235034e+01   1.8131547e-24
   1.7288046e+01   1.8024456e-24
   1.7341222e+01   1.7918037e-24
   1.7394561e+01   1.7812286e-24
   1.7448064e+01   1.7707200e-24
   1.7501732e+01   1.7602774e-24
   1.7555565e+01   1.7499004e-24
   1.7609563e+01   1.7395886e-24
   1.7663728e+01   1.7293417e-24
   1.7718059e+01   1.7191592e-24
   1.7772557e+01   1.7090408e-24
   1.7827223e+01   1.6989860e-24
   1.7882057e+01   1.6889945e-24
   1.7937060e+01   1.6790659e-24
   1.7992231e+01   1.6691999e-24
   1.8047573e+01   1.6593960e-24
   1.8103085e+01   1.6496538e-24
   1.8158767e+01   1.6399731e-24
   1.8214621e+01   1.6303534e-24
   1.8270647e+01   1.6207944e-24
   1.8326845e+01   1.6112957e-24
   1.8383215e+01   1.6018569e-24
   1.8439759e+01   1.5924777e-24
   1.8496478e+01   1.5831577e-24
   1.8553370e+01   1.5738966e-24
   1.8610438e+01   1.5646940e-24
   1.8667681e+01   1.5555495e-24
   1.8725100e+01   1.5464629e-24
   1.8782696e+01   1.5374337e-24
   1.8840468e+01   1.5284617e-24
   1.8898419e+01   1.5195464e-24
   1.8956548e+01   1.5106876e-24
   1.9014856e+01   1.5018848e-24
   1.9073343e+01   1.4931378e-24
   1.9132009e+01   1.4844462e-24
   1.9190857e+01   1.4758098e-24
   1.9249885e+01   1.4672280e-24
   1.9309095e+01   1.4587008e-24
   1.9368487e+01   1.4502276e-24
   1.9428062e+01   1.4418082e-24
   1.9487820e+01   1.4334422e-24
   1.9547762e+01   1.4251294e-24
   1.9607888e+01   1.4168695e-24
   1.9668199e+01   1.4086620e-24
   1.9728695e+01   1.4005067e-24
   1.9789378e+01   1.3924033e-24
   1.9850247e+01   1.3843514e-24
   1.9911304e+01   1.3763508e-24
   1.9972548e+01   1.3684012e-24
   2.0033981e+01   1.3605022e-24
   2.0095603e+01   1.3526535e-24
   2.0157414e+01   1.3448549e-24
   2.0219415e+01   1.3371060e-24
   2.0281607e+01   1.3294066e-24
   2.0343991e+01   1.3217563e-24
   2.0406566e+01   1.3141549e-24
   2.0469333e+01   1.3066020e-24
   2.0532294e+01   1.2990974e-24
   2.0595449e+01   1.2916408e-24
   2.0658797e+01   1.2842319e-24
   2.0722341e+01   1.2768704e-24
   2.0786080e+01   1.2695560e-24
   2.0850015e+01   1.2622885e-24
   2.0914147e+01   1.2550675e-24
   2.0978475e+01   1.2478928e-24
   2.1043002e+01   1.2407642e-24
   2.1107728e+01   1.2336812e-24
   2.1172652e+01   1.2266438e-24
   2.1237776e+01   1.2196515e-24
   2.1303100e+01   1.2127042e-24
   2.1368626e+01   1.2058015e-24
   2.1434353e+01   1.1989432e-24
   2.1500282e+01   1.1921290e-24
   2.1566413e+01   1.1853587e-24
   2.1632749e+01   1.1786319e-24
   2.1699288e+01   1.1719486e-24
   2.1766032e+01   1.1653083e-24
   2.1832981e+01   1.1587108e-24
   2.1900136e+01   1.1521559e-24
   2.1967498e+01   1.1456433e-24
   2.2035067e+01   1.1391728e-24
   2.2102844e+01   1.1327441e-24
   2.2170829e+01   1.1263570e-24
   2.2239023e+01   1.1200111e-24
   2.2307427e+01   1.1137064e-24
   2.2376042e+01   1.1074425e-24
   2.2444867e+01   1.1012191e-24
   2.2513904e+01   1.0950361e-24
   2.2583154e+01   1.0888932e-24
   2.2652617e+01   1.0827902e-24
   2.2722293e+01   1.0767268e-24
   2.2792183e+01   1.0707028e-24
   2.2862289e+01   1.0647180e-24
   2.2932610e+01   1.0587720e-24
   2.3003147e+01   1.0528648e-24
   2.3073902e+01   1.0469960e-24
   2.3144874e+01   1.0411655e-24
   2.3216064e+01   1.0353730e-24
   2.3287474e+01   1.0296182e-24
   2.3359102e+01   1.0239011e-24
   2.3430952e+01   1.0182212e-24
   2.3503022e+01   1.0125785e-24
   2.3575314e+01   1.0069726e-24
   2.3647828e+01   1.0014035e-24
   2.3720566e+01   9.9587078e-25
   2.3793527e+01   9.9037431e-25
   2.3866712e+01   9.8491387e-25
   2.3940123e+01   9.7948923e-25
   2.4013759e+01   9.7410020e-25
   2.4087622e+01   9.6874656e-25
   2.4161712e+01   9.6342809e-25
   2.4236030e+01   9.5814459e-25
   2.4310577e+01   9.5289586e-25
   2.4385353e+01   9.4768168e-25
   2.4460359e+01   9.4250185e-25
   2.4535595e+01   9.3735617e-25
   2.4611063e+01   9.3224443e-25
   2.4686763e+01   9.2716644e-25
   2.4762696e+01   9.2212199e-25
   2.4838863e+01   9.1711089e-25
   2.4915264e+01   9.1213294e-25
   2.4991900e+01   9.0718793e-25
   2.5068771e+01   9.0227568e-25
   2.5145879e+01   8.9739599e-25
   2.5223224e+01   8.9254868e-25
   2.5300807e+01   8.8773353e-25
   2.5378629e+01   8.8295038e-25
   2.5456690e+01   8.7819902e-25
   2.5534991e+01   8.7347927e-25
   2.5613533e+01   8.6879094e-25
   2.5692317e+01   8.6413385e-25
   2.5771343e+01   8.5950781e-25
   2.5850612e+01   8.5491263e-25
   2.5930124e+01   8.5034813e-25
   2.6009882e+01   8.4581414e-25
   2.6089885e+01   8.4131047e-25
   2.6170133e+01   8.3683694e-25
   2.6250629e+01   8.3239338e-25
   2.6331372e+01   8.2797959e-25
   2.6412364e+01   8.2359542e-25
   2.6493604e+01   8.1924068e-25
   2.6575095e+01   8.1491520e-25
   2.6656836e+01   8.1061881e-25
   2.6738829e+01   8.0635133e-25
   2.6821074e+01   8.0211259e-25
   2.6903571e+01   7.9790242e-25
   2.6986323e+01   7.9372066e-25
   2.7069329e+01   7.8956713e-25
   2.7152591e+01   7.8544167e-25
   2.7236108e+01   7.8134410e-25
   2.7319882e+01   7.7727427e-25
   2.7403915e+01   7.7323202e-25
   2.7488205e+01   7.6921717e-25
   2.7572755e+01   7.6522956e-25
   2.7657565e+01   7.6126904e-25
   2.7742636e+01   7.5733544e-25
   2.7827968e+01   7.5342860e-25
   2.7913563e+01   7.4954836e-25
   2.7999421e+01   7.4569458e-25
   2.8085543e+01   7.4186708e-25
   2.8171930e+01   7.3806571e-25
   2.8258583e+01   7.3429032e-25
   2.8345503e+01   7.3054075e-25
   2.8432689e+01   7.2681686e-25
   2.8520144e+01   7.2311848e-25
   2.8607868e+01   7.1944546e-25
   2.8695862e+01   7.1579767e-25
   2.8784126e+01   7.1217493e-25
   2.8872662e+01   7.0857711e-25
   2.8961470e+01   7.0500406e-25
   2.9050552e+01   7.0145563e-25
   2.9139907e+01   6.9793167e-25
   2.9229537e+01   6.9443204e-25
   2.9319443e+01   6.9095660e-25
   2.9409626e+01   6.8750519e-25
   2.9500085e+01   6.8407768e-25
   2.9590824e+01   6.8067391e-25
   2.9681841e+01   6.7729377e-25
   2.9773138e+01   6.7393709e-25
   2.9864716e+01   6.7060374e-25
   2.9956575e+01   6.6729358e-25
   3.0048718e+01   6.6400647e-25
   3.0141143e+01   6.6074228e-25
   3.0233853e+01   6.5750087e-25
   3.0326848e+01   6.5428209e-25
   3.0420129e+01   6.5108583e-25
   3.0513697e+01   6.4791193e-25
   3.0607553e+01   6.4476027e-25
   3.0701697e+01   6.4163071e-25
   3.0796131e+01   6.3852313e-25
   3.0890856e+01   6.3543738e-25
   3.0985872e+01   6.3237334e-25
   3.1081180e+01   6.2933088e-25
   3.1176781e+01   6.2630986e-25
   3.1272677e+01   6.2331017e-25
   3.1368867e+01   6.2033166e-25
   3.1465353e+01   6.1737422e-25
   3.1562136e+01   6.1443772e-25
   3.1659217e+01   6.1152202e-25
   3.1756596e+01   6.0862701e-25
   3.1854275e+01   6.0575256e-25
   3.1952254e+01   6.0289854e-25
   3.2050535e+01   6.0006483e-25
   3.2149118e+01   5.9725132e-25
   3.2248004e+01   5.9445787e-25
   3.2347194e+01   5.9168436e-25
   3.2446689e+01   5.8893068e-25
   3.2546491e+01   5.8619670e-25
   3.2646599e+01   5.8348231e-25
   3.2747015e+01   5.8078738e-25
   3.2847741e+01   5.7811180e-25
   3.2948776e+01   5.7545544e-25
   3.3050121e+01   5.7281820e-25
   3.3151779e+01   5.7019996e-25
   3.3253749e+01   5.6760059e-25
   3.3356033e+01   5.6501999e-25
   3.3458631e+01   5.6245804e-25
   3.3561545e+01   5.5991462e-25
   3.3664776e+01   5.5738962e-25
   3.3768324e+01   5.5488293e-25
   3.3872190e+01   5.5239444e-25
   3.3976376e+01   5.4992404e-25
   3.4080883e+01   5.4747161e-25
   3.4185711e+01   5.4503704e-25
   3.4290861e+01   5.4262022e-25
   3.4396335e+01   5.4022105e-25
   3.4502133e+01   5.3783941e-25
   3.4608257e+01   5.3547520e-25
   3.4714707e+01   5.3312830e-25
   3.4821485e+01   5.3079862e-25
   3.4928590e+01   5.2848604e-25
   3.5036026e+01   5.2619046e-25
   3.5143792e+01   5.2391177e-25
   3.5251889e+01   5.2164987e-25
   3.5360319e+01   5.1940465e-25
   3.5469082e+01   5.1717601e-25
   3.5578180e+01   5.1496385e-25
   3.5687613e+01   5.1276805e-25
   3.5797383e+01   5.1058853e-25
   3.5907491e+01   5.0842518e-25
   3.6017937e+01   5.0627789e-25
   3.6128724e+01   5.0414657e-25
   3.6239850e+01   5.0203111e-25
   3.6351319e+01   4.9993142e-25
   3.6463130e+01   4.9784739e-25
   3.6575286e+01   4.9577893e-25
   3.6687786e+01   4.9372593e-25
   3.6800633e+01   4.9168831e-25
   3.6913826e+01   4.8966596e-25
   3.7027368e+01   4.8765879e-25
   3.7141259e+01   4.8566669e-25
   3.7255500e+01   4.8368958e-25
   3.7370093e+01   4.8172735e-25
   3.7485038e+01   4.7977992e-25
   3.7600336e+01   4.7784718e-25
   3.7715990e+01   4.7592905e-25
   3.7831999e+01   4.7402543e-25
   3.7948365e+01   4.7213623e-25
   3.8065088e+01   4.7026134e-25
   3.8182171e+01   4.6840069e-25
   3.8299614e+01   4.6655418e-25
   3.8417418e+01   4.6472172e-25
   3.8535585e+01   4.6290321e-25
   3.8654115e+01   4.6109857e-25
   3.8773009e+01   4.5930771e-25
   3.8892270e+01   4.5753053e-25
   3.9011897e+01   4.5576695e-25
   3.9131892e+01   4.5401688e-25
   3.9252256e+01   4.5228023e-25
   3.9372990e+01   4.5055691e-25
   3.9494096e+01   4.4884684e-25
   3.9615574e+01   4.4714993e-25
   3.9737426e+01   4.4546608e-25
   3.9859653e+01   4.4379522e-25
   3.9982255e+01   4.4213726e-25
   4.0105235e+01   4.4049212e-25
   4.0228593e+01   4.3885970e-25
   4.0352331e+01   4.3723992e-25
   4.0476449e+01   4.3563271e-25
   4.0600948e+01   4.3403797e-25
   4.0725831e+01   4.3245563e-25
   4.0851098e+01   4.3088559e-25
   4.0976750e+01   4.2932778e-25
   4.1102789e+01   4.2778212e-25
   4.1229215e+01   4.2624852e-25
   4.1356030e+01   4.2472691e-25
   4.1483236e+01   4.2321719e-25
   4.1610832e+01   4.2171930e-25
   4.1738821e+01   4.2023314e-25
   4.1867204e+01   4.1875865e-25
   4.1995982e+01   4.1729574e-25
   4.2125155e+01   4.1584433e-25
   4.2254726e+01   4.1440435e-25
   4.2384696e+01   4.1297571e-25
   4.2515065e+01   4.1155834e-25
   4.2645835e+01   4.1015216e-25
   4.2777008e+01   4.0875710e-25
   4.2908584e+01   4.0737307e-25
   4.3040565e+01   4.0600000e-25
   4.3172951e+01   4.0463782e-25
   4.3305745e+01   4.0328645e-25
   4.3438947e+01   4.0194581e-25
   4.3572559e+01   4.0061583e-25
   4.3706582e+01   3.9929644e-25
   4.3841018e+01   3.9798756e-25
   4.3975866e+01   3.9668911e-25
   4.4111130e+01   3.9540104e-25
   4.4246810e+01   3.9412325e-25
   4.4382906e+01   3.9285568e-25
   4.4519422e+01   3.9159826e-25
   4.4656357e+01   3.9035091e-25
   4.4793714e+01   3.8911357e-25
   4.4931493e+01   3.8788616e-25
   4.5069696e+01   3.8666862e-25
   4.5208324e+01   3.8546086e-25
   4.5347378e+01   3.8426283e-25
   4.5486860e+01   3.8307445e-25
   4.5626772e+01   3.8189565e-25
   4.5767113e+01   3.8072637e-25
   4.5907886e+01   3.7956653e-25
   4.6049092e+01   3.7841607e-25
   4.6190733e+01   3.7727493e-25
   4.6332809e+01   3.7614302e-25
   4.6475322e+01   3.7502029e-25
   4.6618273e+01   3.7390667e-25
   4.6761665e+01   3.7280209e-25
   4.6905497e+01   3.7170648e-25
   4.7049772e+01   3.7061979e-25
   4.7194490e+01   3.6954194e-25
   4.7339654e+01   3.6847288e-25
   4.7485264e+01   3.6741252e-25
   4.7631321e+01   3.6636083e-25
   4.7777829e+01   3.6531771e-25
   4.7924786e+01   3.6428313e-25
   4.8072196e+01   3.6325700e-25
   4.8220060e+01   3.6223927e-25
   4.8368378e+01   3.6122988e-25
   4.8517152e+01   3.6022876e-25
   4.8666384e+01   3.5923586e-25
   4.8816075e+01   3.5825110e-25
   4.8966226e+01   3.5727443e-25
   4.9116839e+01   3.5630580e-25
   4.9267916e+01   3.5534513e-25
   4.9419457e+01   3.5439236e-25
   4.9571464e+01   3.5344745e-25
   4.9723939e+01   3.5251032e-25
   4.9876882e+01   3.5158093e-25
   5.0030297e+01   3.5065921e-25
   5.0184183e+01   3.4974509e-25
   5.0338542e+01   3.4883854e-25
   5.0493376e+01   3.4793948e-25
   5.0648687e+01   3.4704786e-25
   5.0804475e+01   3.4616362e-25
   5.0960742e+01   3.4528671e-25
   5.1117490e+01   3.4441706e-25
   5.1274720e+01   3.4355463e-25
   5.1432434e+01   3.4269936e-25
   5.1590633e+01   3.4185119e-25
   5.1749319e+01   3.4101007e-25
   5.1908492e+01   3.4017594e-25
   5.2068155e+01   3.3934875e-25
   5.2228309e+01   3.3852845e-25
   5.2388956e+01   3.3771497e-25
   5.2550097e+01   3.3690827e-25
   5.2711734e+01   3.3610830e-25
   5.2873868e+01   3.3531500e-25
   5.3036500e+01   3.3452831e-25
   5.3199633e+01   3.3374820e-25
   5.3363268e+01   3.3297460e-25
   5.3527405e+01   3.3220746e-25
   5.3692048e+01   3.3144674e-25
   5.3857197e+01   3.3069238e-25
   5.4022854e+01   3.2994433e-25
   5.4189021e+01   3.2920254e-25
   5.4355699e+01   3.2846696e-25
   5.4522889e+01   3.2773755e-25
   5.4690594e+01   3.2701425e-25
   5.4858814e+01   3.2629702e-25
   5.5027552e+01   3.2558580e-25
   5.5196809e+01   3.2488055e-25
   5.5366587e+01   3.2418122e-25
   5.5536886e+01   3.2348776e-25
   5.5707710e+01   3.2280013e-25
   5.5879059e+01   3.2211827e-25
   5.6050935e+01   3.2144215e-25
   5.6223340e+01   3.2077171e-25
   5.6396275e+01   3.2010692e-25
   5.6569742e+01   3.1944771e-25
   5.6743742e+01   3.1879406e-25
   5.6918278e+01   3.1814591e-25
   5.7093350e+01   3.1750322e-25
   5.7268961e+01   3.1686594e-25
   5.7445113e+01   3.1623404e-25
   5.7621806e+01   3.1560746e-25
   5.7799042e+01   3.1498616e-25
   5.7976824e+01   3.1437011e-25
   5.8155152e+01   3.1375925e-25
   5.8334029e+01   3.1315354e-25
   5.8513456e+01   3.1255295e-25
   5.8693435e+01   3.1195743e-25
   5.8873968e+01   3.1136694e-25
   5.9055056e+01   3.1078144e-25
   5.9236701e+01   3.1020088e-25
   5.9418905e+01   3.0962523e-25
   5.9601669e+01   3.0905445e-25
   5.9784995e+01   3.0848849e-25
   5.9968885e+01   3.0792731e-25
   6.0153341e+01   3.0737088e-25
   6.0338364e+01   3.0681916e-25
   6.0523956e+01   3.0627211e-25
   6.0710119e+01   3.0572968e-25
   6.0896855e+01   3.0519185e-25
   6.1084165e+01   3.0465856e-25
   6.1272051e+01   3.0412980e-25
   6.1460516e+01   3.0360551e-25
   6.1649559e+01   3.0308566e-25
   6.1839185e+01   3.0257021e-25
   6.2029393e+01   3.0205913e-25
   6.2220187e+01   3.0155238e-25
   6.2411567e+01   3.0104992e-25
   6.2603536e+01   3.0055173e-25
   6.2796096e+01   3.0005775e-25
   6.2989248e+01   2.9956796e-25
   6.3182994e+01   2.9908233e-25
   6.3377336e+01   2.9860081e-25
   6.3572275e+01   2.9812338e-25
   6.3767815e+01   2.9764999e-25
   6.3963955e+01   2.9718063e-25
   6.4160699e+01   2.9671524e-25
   6.4358049e+01   2.9625380e-25
   6.4556005e+01   2.9579628e-25
   6.4754570e+01   2.9534264e-25
   6.4953746e+01   2.9489285e-25
   6.5153534e+01   2.9444688e-25
   6.5353937e+01   2.9400469e-25
   6.5554957e+01   2.9356626e-25
   6.5756594e+01   2.9313155e-25
   6.5958852e+01   2.9270054e-25
   6.6161732e+01   2.9227318e-25
   6.6365237e+01   2.9184946e-25
   6.6569367e+01   2.9142933e-25
   6.6774125e+01   2.9101277e-25
   6.6979512e+01   2.9059976e-25
   6.7185532e+01   2.9019025e-25
   6.7392185e+01   2.8978423e-25
   6.7599474e+01   2.8938165e-25
   6.7807400e+01   2.8898250e-25
   6.8015966e+01   2.8858674e-25
   6.8225173e+01   2.8819435e-25
   6.8435024e+01   2.8780530e-25
   6.8645521e+01   2.8741956e-25
   6.8856665e+01   2.8703709e-25
   6.9068458e+01   2.8665789e-25
   6.9280903e+01   2.8628191e-25
   6.9494001e+01   2.8590913e-25
   6.9707755e+01   2.8553952e-25
   6.9922166e+01   2.8517306e-25
   7.0137236e+01   2.8480973e-25
   7.0352969e+01   2.8444949e-25
   7.0569364e+01   2.8409231e-25
   7.0786426e+01   2.8373819e-25
   7.1004155e+01   2.8338708e-25
   7.1222553e+01   2.8303896e-25
   7.1441624e+01   2.8269382e-25
   7.1661368e+01   2.8235162e-25
   7.1881788e+01   2.8201233e-25
   7.2102886e+01   2.8167595e-25
   7.2324665e+01   2.8134243e-25
   7.2547125e+01   2.8101177e-25
   7.2770270e+01   2.8068393e-25
   7.2994101e+01   2.8035889e-25
   7.3218620e+01   2.8003663e-25
   7.3443830e+01   2.7971712e-25
   7.3669733e+01   2.7940035e-25
   7.3896331e+01   2.7908629e-25
   7.4123625e+01   2.7877492e-25
   7.4351619e+01   2.7846621e-25
   7.4580314e+01   2.7816015e-25
   7.4809713e+01   2.7785671e-25
   7.5039817e+01   2.7755588e-25
   7.5270628e+01   2.7725762e-25
   7.5502150e+01   2.7696193e-25
   7.5734384e+01   2.7666877e-25
   7.5967332e+01   2.7637813e-25
   7.6200997e+01   2.7608999e-25
   7.6435380e+01   2.7580433e-25
   7.6670485e+01   2.7552113e-25
   7.6906312e+01   2.7524037e-25
   7.7142865e+01   2.7496202e-25
   7.7380146e+01   2.7468608e-25
   7.7618156e+01   2.7441252e-25
   7.7856898e+01   2.7414131e-25
   7.8096375e+01   2.7387245e-25
   7.8336589e+01   2.7360592e-25
   7.8577541e+01   2.7334169e-25
   7.8819234e+01   2.7307975e-25
   7.9061671e+01   2.7282008e-25
   7.9304853e+01   2.7256266e-25
   7.9548784e+01   2.7230747e-25
   7.9793465e+01   2.7205450e-25
   8.0038898e+01   2.7180374e-25
   8.0285086e+01   2.7155515e-25
   8.0532032e+01   2.7130873e-25
   8.0779737e+01   2.7106446e-25
   8.1028204e+01   2.7082232e-25
   8.1277435e+01   2.7058229e-25
   8.1527433e+01   2.7034437e-25
   8.1778200e+01   2.7010853e-25
   8.2029738e+01   2.6987475e-25
   8.2282050e+01   2.6964303e-25
   8.2535138e+01   2.6941335e-25
   8.2789004e+01   2.6918568e-25
   8.3043651e+01   2.6896003e-25
   8.3299082e+01   2.6873636e-25
   8.3555298e+01   2.6851467e-25
   8.3812302e+01   2.6829494e-25
   8.4070097e+01   2.6807715e-25
   8.4328684e+01   2.6786130e-25
   8.4588067e+01   2.6764737e-25
   8.4848248e+01   2.6743534e-25
   8.5109230e+01   2.6722520e-25
   8.5371013e+01   2.6701693e-25
   8.5633603e+01   2.6681053e-25
   8.5896999e+01   2.6660598e-25
   8.6161206e+01   2.6640326e-25
   8.6426226e+01   2.6620236e-25
   8.6692061e+01   2.6600328e-25
   8.6958713e+01   2.6580599e-25
   8.7226186e+01   2.6561048e-25
   8.7494481e+01   2.6541675e-25
   8.7763602e+01   2.6522477e-25
   8.8033550e+01   2.6503454e-25
   8.8304329e+01   2.6484604e-25
   8.8575940e+01   2.6465927e-25
   8.8848387e+01   2.6447421e-25
   8.9121672e+01   2.6429084e-25
   8.9395798e+01   2.6410916e-25
   8.9670767e+01   2.6392916e-25
   8.9946581e+01   2.6375082e-25
   9.0223244e+01   2.6357414e-25
   9.0500758e+01   2.6339909e-25
   9.0779126e+01   2.6322568e-25
   9.1058349e+01   2.6305389e-25
   9.1338432e+01   2.6288370e-25
   9.1619376e+01   2.6271512e-25
   9.1901184e+01   2.6254812e-25
   9.2183859e+01   2.6238270e-25
   9.2467404e+01   2.6221885e-25
   9.2751820e+01   2.6205656e-25
   9.3037112e+01   2.6189581e-25
   9.3323280e+01   2.6173661e-25
   9.3610330e+01   2.6157893e-25
   9.3898262e+01   2.6142277e-25
   9.4187079e+01   2.6126812e-25
   9.4476786e+01   2.6111497e-25
   9.4767383e+01   2.6096331e-25
   9.5058874e+01   2.6081313e-25
   9.5351261e+01   2.6066442e-25
   9.5644548e+01   2.6051718e-25
   9.5938737e+01   2.6037140e-25
   9.6233831e+01   2.6022706e-25
   9.6529833e+01   2.6008416e-25
   9.6826745e+01   2.5994269e-25
   9.7124570e+01   2.5980264e-25
   9.7423312e+01   2.5966400e-25
   9.7722972e+01   2.5952677e-25
   9.8023554e+01   2.5939093e-25
   9.8325060e+01   2.5925649e-25
   9.8627494e+01   2.5912342e-25
   9.8930858e+01   2.5899173e-25
   9.9235156e+01   2.5886141e-25
   9.9540389e+01   2.5873244e-25
   9.9846561e+01   2.5860483e-25
   1.0015367e+02   2.5847856e-25
   1.0046173e+02   2.5835363e-25
   1.0077074e+02   2.5823003e-25
   1.0108070e+02   2.5810775e-25
   1.0139161e+02   2.5798679e-25
   1.0170347e+02   2.5786713e-25
   1.0201630e+02   2.5774878e-25
   1.0233008e+02   2.5763173e-25
   1.0264484e+02   2.5751597e-25
   1.0296056e+02   2.5740148e-25
   1.0327725e+02   2.5728828e-25
   1.0359492e+02   2.5717635e-25
   1.0391356e+02   2.5706568e-25
   1.0423318e+02   2.5695627e-25
   1.0455379e+02   2.5684812e-25
   1.0487538e+02   2.5674121e-25
   1.0519796e+02   2.5663555e-25
   1.0552154e+02   2.5653112e-25
   1.0584611e+02   2.5642792e-25
   1.0617168e+02   2.5632594e-25
   1.0649824e+02   2.5622519e-25
   1.0682582e+02   2.5612565e-25
   1.0715440e+02   2.5602731e-25
   1.0748399e+02   2.5593019e-25
   1.0781460e+02   2.5583426e-25
   1.0814622e+02   2.5573952e-25
   1.0847886e+02   2.5564597e-25
   1.0881253e+02   2.5555361e-25
   1.0914722e+02   2.5546243e-25
   1.0948294e+02   2.5537242e-25
   1.0981969e+02   2.5528359e-25
   1.1015748e+02   2.5519592e-25
   1.1049631e+02   2.5510941e-25
   1.1083618e+02   2.5502405e-25
   1.1117710e+02   2.5493985e-25
   1.1151906e+02   2.5485680e-25
   1.1186208e+02   2.5477490e-25
   1.1220615e+02   2.5469413e-25
   1.1255128e+02   2.5461450e-25
   1.1289747e+02   2.5453601e-25
   1.1324473e+02   2.5445864e-25
   1.1359306e+02   2.5438240e-25
   1.1394245e+02   2.5430728e-25
   1.1429292e+02   2.5423328e-25
   1.1464447e+02   2.5416040e-25
   1.1499710e+02   2.5408862e-25
   1.1535082e+02   2.5401795e-25
   1.1570562e+02   2.5394839e-25
   1.1606151e+02   2.5387993e-25
   1.1641850e+02   2.5381257e-25
   1.1677659e+02   2.5374630e-25
   1.1713578e+02   2.5368112e-25
   1.1749607e+02   2.5361704e-25
   1.1785747e+02   2.5355404e-25
   1.1821998e+02   2.5349212e-25
   1.1858361e+02   2.5343128e-25
   1.1894836e+02   2.5337152e-25
   1.1931423e+02   2.5331284e-25
   1.1968122e+02   2.5325523e-25
   1.2004934e+02   2.5319869e-25
   1.2041860e+02   2.5314322e-25
   1.2078899e+02   2.5308881e-25
   1.2116052e+02   2.5303547e-25
   1.2153319e+02   2.5298319e-25
   1.2190701e+02   2.5293196e-25
   1.2228198e+02   2.5288180e-25
   1.2265810e+02   2.5283268e-25
   1.2303538e+02   2.5278462e-25
   1.2341382e+02   2.5273761e-25
   1.2379342e+02   2.5269165e-25
   1.2417419e+02   2.5264674e-25
   1.2455613e+02   2.5260287e-25
   1.2493925e+02   2.5256004e-25
   1.2532355e+02   2.5251826e-25
   1.2570902e+02   2.5247751e-25
   1.2609569e+02   2.5243781e-25
   1.2648354e+02   2.5239914e-25
   1.2687259e+02   2.5236150e-25
   1.2726283e+02   2.5232491e-25
   1.2765427e+02   2.5228934e-25
   1.2804692e+02   2.5225480e-25
   1.2844077e+02   2.5222130e-25
   1.2883584e+02   2.5218882e-25
   1.2923212e+02   2.5215738e-25
   1.2962962e+02   2.5212695e-25
   1.3002834e+02   2.5209756e-25
   1.3042829e+02   2.5206919e-25
   1.3082947e+02   2.5204184e-25
   1.3123188e+02   2.5201552e-25
   1.3163553e+02   2.5199022e-25
   1.3204042e+02   2.5196594e-25
   1.3244656e+02   2.5194268e-25
   1.3285395e+02   2.5192044e-25
   1.3326259e+02   2.5189922e-25
   1.3367248e+02   2.5187903e-25
   1.3408364e+02   2.5185984e-25
   1.3449606e+02   2.5184168e-25
   1.3490975e+02   2.5182454e-25
   1.3532472e+02   2.5180841e-25
   1.3574096e+02   2.5179330e-25
   1.3615848e+02   2.5177920e-25
   1.3657728e+02   2.5176612e-25
   1.3699737e+02   2.5175406e-25
   1.3741876e+02   2.5174301e-25
   1.3784144e+02   2.5173298e-25
   1.3826542e+02   2.5172397e-25
   1.3869070e+02   2.5171597e-25
   1.3911730e+02   2.5170899e-25
   1.3954520e+02   2.5170302e-25
   1.3997442e+02   2.5169807e-25
   1.4040496e+02   2.5169414e-25
   1.4083683e+02   2.5169122e-25
   1.4127002e+02   2.5168932e-25
   1.4170455e+02   2.5168843e-25
   1.4214041e+02   2.5168857e-25
   1.4257762e+02   2.5168972e-25
   1.4301617e+02   2.5169189e-25
   1.4345606e+02   2.5169508e-25
   1.4389731e+02   2.5169928e-25
   1.4433992e+02   2.5170451e-25
   1.4478389e+02   2.5171076e-25
   1.4522922e+02   2.5171803e-25
   1.4567593e+02   2.5172632e-25
   1.4612401e+02   2.5173563e-25
   1.4657346e+02   2.5174596e-25
   1.4702430e+02   2.5175732e-25
   1.4747653e+02   2.5176971e-25
   1.4793015e+02   2.5178312e-25
   1.4838516e+02   2.5179756e-25
   1.4884157e+02   2.5181302e-25
   1.4929939e+02   2.5182951e-25
   1.4975861e+02   2.5184703e-25
   1.5021925e+02   2.5186559e-25
   1.5068130e+02   2.5188517e-25
   1.5114477e+02   2.5190579e-25
   1.5160967e+02   2.5192744e-25
   1.5207600e+02   2.5195013e-25
   1.5254377e+02   2.5197385e-25
   1.5301297e+02   2.5199861e-25
   1.5348362e+02   2.5202441e-25
   1.5395571e+02   2.5205125e-25
   1.5442926e+02   2.5207913e-25
   1.5490426e+02   2.5210806e-25
   1.5538072e+02   2.5213803e-25
   1.5585865e+02   2.5216905e-25
   1.5633805e+02   2.5220111e-25
   1.5681892e+02   2.5223423e-25
   1.5730128e+02   2.5226839e-25
   1.5778511e+02   2.5230361e-25
   1.5827044e+02   2.5233989e-25
   1.5875725e+02   2.5237722e-25
   1.5924557e+02   2.5241560e-25
   1.5973539e+02   2.5245505e-25
   1.6022671e+02   2.5249556e-25
   1.6071954e+02   2.5253713e-25
   1.6121389e+02   2.5257977e-25
   1.6170976e+02   2.5262347e-25
   1.6220716e+02   2.5266824e-25
   1.6270609e+02   2.5271409e-25
   1.6320655e+02   2.5276101e-25
   1.6370855e+02   2.5280900e-25
   1.6421209e+02   2.5285807e-25
   1.6471719e+02   2.5290822e-25
   1.6522383e+02   2.5295945e-25
   1.6573204e+02   2.5301177e-25
   1.6624181e+02   2.5306517e-25
   1.6675314e+02   2.5311966e-25
   1.6726605e+02   2.5317524e-25
   1.6778054e+02   2.5323192e-25
   1.6829661e+02   2.5328969e-25
   1.6881426e+02   2.5334855e-25
   1.6933351e+02   2.5340852e-25
   1.6985436e+02   2.5346959e-25
   1.7037681e+02   2.5353176e-25
   1.7090086e+02   2.5359505e-25
   1.7142653e+02   2.5365944e-25
   1.7195381e+02   2.5372494e-25
   1.7248272e+02   2.5379156e-25
   1.7301325e+02   2.5385930e-25
   1.7354541e+02   2.5392816e-25
   1.7407921e+02   2.5399814e-25
   1.7461466e+02   2.5406925e-25
   1.7515175e+02   2.5414148e-25
   1.7569049e+02   2.5421485e-25
   1.7623089e+02   2.5428935e-25
   1.7677295e+02   2.5436499e-25
   1.7731668e+02   2.5444177e-25
   1.7786208e+02   2.5451969e-25
   1.7840916e+02   2.5459876e-25
   1.7895792e+02   2.5467898e-25
   1.7950837e+02   2.5476035e-25
   1.8006051e+02   2.5484287e-25
   1.8061435e+02   2.5492655e-25
   1.8116989e+02   2.5501139e-25
   1.8172715e+02   2.5509740e-25
   1.8228611e+02   2.5518457e-25
   1.8284680e+02   2.5527291e-25
   1.8340921e+02   2.5536243e-25
   1.8397335e+02   2.5545312e-25
   1.8453923e+02   2.5554500e-25
   1.8510684e+02   2.5563805e-25
   1.8567621e+02   2.5573229e-25
   1.8624732e+02   2.5582773e-25
   1.8682019e+02   2.5592435e-25
   1.8739482e+02   2.5602217e-25
   1.8797122e+02   2.5612119e-25
   1.8854939e+02   2.5622142e-25
   1.8912935e+02   2.5632285e-25
   1.8971108e+02   2.5642549e-25
   1.9029460e+02   2.5652935e-25
   1.9087992e+02   2.5663442e-25
   1.9146704e+02   2.5674071e-25
   1.9205597e+02   2.5684823e-25
   1.9264671e+02   2.5695697e-25
   1.9323926e+02   2.5706695e-25
   1.9383364e+02   2.5717816e-25
   1.9442984e+02   2.5729061e-25
   1.9502788e+02   2.5740431e-25
   1.9562776e+02   2.5751925e-25
   1.9622948e+02   2.5763544e-25
   1.9683305e+02   2.5775288e-25
   1.9743849e+02   2.5787159e-25
   1.9804578e+02   2.5799155e-25
   1.9865494e+02   2.5811278e-25
   1.9926597e+02   2.5823528e-25
   1.9987889e+02   2.5835905e-25
   2.0049369e+02   2.5848410e-25
   2.0111038e+02   2.5861043e-25
   2.0172896e+02   2.5873805e-25
   2.0234945e+02   2.5886695e-25
   2.0297185e+02   2.5899715e-25
   2.0359616e+02   2.5912865e-25
   2.0422240e+02   2.5926145e-25
   2.0485056e+02   2.5939555e-25
   2.0548065e+02   2.5953096e-25
   2.0611268e+02   2.5966769e-25
   2.0674665e+02   2.5980573e-25
   2.0738257e+02   2.5994510e-25
   2.0802045e+02   2.6008579e-25
   2.0866029e+02   2.6022782e-25
   2.0930210e+02   2.6037118e-25
   2.0994589e+02   2.6051588e-25
   2.1059165e+02   2.6066192e-25
   2.1123940e+02   2.6080931e-25
   2.1188914e+02   2.6095805e-25
   2.1254088e+02   2.6110815e-25
   2.1319463e+02   2.6125961e-25
   2.1385039e+02   2.6141244e-25
   2.1450816e+02   2.6156663e-25
   2.1516796e+02   2.6172221e-25
   2.1582978e+02   2.6187916e-25
   2.1649364e+02   2.6203749e-25
   2.1715955e+02   2.6219721e-25
   2.1782750e+02   2.6235833e-25
   2.1849750e+02   2.6252084e-25
   2.1916957e+02   2.6268475e-25
   2.1984371e+02   2.6285007e-25
   2.2051991e+02   2.6301681e-25
   2.2119820e+02   2.6318496e-25
   2.2187858e+02   2.6335453e-25
   2.2256104e+02   2.6352552e-25
   2.2324561e+02   2.6369795e-25
   2.2393228e+02   2.6387181e-25
   2.2462107e+02   2.6404711e-25
   2.2531197e+02   2.6422385e-25
   2.2600500e+02   2.6440205e-25
   2.2670016e+02   2.6458170e-25
   2.2739745e+02   2.6476280e-25
   2.2809689e+02   2.6494538e-25
   2.2879849e+02   2.6512942e-25
   2.2950224e+02   2.6531493e-25
   2.3020816e+02   2.6550193e-25
   2.3091624e+02   2.6569041e-25
   2.3162651e+02   2.6588038e-25
   2.3233896e+02   2.6607184e-25
   2.3305360e+02   2.6626480e-25
   2.3377044e+02   2.6645927e-25
   2.3448949e+02   2.6665524e-25
   2.3521074e+02   2.6685273e-25
   2.3593422e+02   2.6705174e-25
   2.3665992e+02   2.6725228e-25
   2.3738785e+02   2.6745434e-25
   2.3811802e+02   2.6765794e-25
   2.3885044e+02   2.6786308e-25
   2.3958511e+02   2.6806977e-25
   2.4032204e+02   2.6827800e-25
   2.4106123e+02   2.6848780e-25
   2.4180270e+02   2.6869915e-25
   2.4254646e+02   2.6891207e-25
   2.4329249e+02   2.6912657e-25
   2.4404083e+02   2.6934264e-25
   2.4479146e+02   2.6956029e-25
   2.4554441e+02   2.6977954e-25
   2.4629967e+02   2.7000037e-25
   2.4705725e+02   2.7022281e-25
   2.4781716e+02   2.7044685e-25
   2.4857941e+02   2.7067250e-25
   2.4934401e+02   2.7089977e-25
   2.5011095e+02   2.7112865e-25
   2.5088026e+02   2.7135917e-25
   2.5165193e+02   2.7159132e-25
   2.5242598e+02   2.7182510e-25
   2.5320240e+02   2.7206053e-25
   2.5398122e+02   2.7229761e-25
   2.5476243e+02   2.7253634e-25
   2.5554604e+02   2.7277674e-25
   2.5633206e+02   2.7301880e-25
   2.5712050e+02   2.7326253e-25
   2.5791137e+02   2.7350794e-25
   2.5870467e+02   2.7375503e-25
   2.5950041e+02   2.7400381e-25
   2.6029859e+02   2.7425429e-25
   2.6109924e+02   2.7450646e-25
   2.6190234e+02   2.7476035e-25
   2.6270792e+02   2.7501594e-25
   2.6351597e+02   2.7527326e-25
   2.6432650e+02   2.7553229e-25
   2.6513954e+02   2.7579306e-25
   2.6595507e+02   2.7605557e-25
   2.6677311e+02   2.7631981e-25
   2.6759366e+02   2.7658580e-25
   2.6841674e+02   2.7685355e-25
   2.6924236e+02   2.7712306e-25
   2.7007051e+02   2.7739433e-25
   2.7090121e+02   2.7766737e-25
   2.7173446e+02   2.7794219e-25
   2.7257028e+02   2.7821880e-25
   2.7340866e+02   2.7849719e-25
   2.7424963e+02   2.7877738e-25
   2.7509318e+02   2.7905937e-25
   2.7593933e+02   2.7934317e-25
   2.7678808e+02   2.7962879e-25
   2.7763944e+02   2.7991622e-25
   2.7849342e+02   2.8020548e-25
   2.7935003e+02   2.8049658e-25
   2.8020927e+02   2.8078951e-25
   2.8107115e+02   2.8108428e-25
   2.8193569e+02   2.8138091e-25
   2.8280288e+02   2.8167940e-25
   2.8367274e+02   2.8197975e-25
   2.8454528e+02   2.8228197e-25
   2.8542050e+02   2.8258607e-25
   2.8629841e+02   2.8289204e-25
   2.8717903e+02   2.8319991e-25
   2.8806235e+02   2.8350968e-25
   2.8894839e+02   2.8382134e-25
   2.8983715e+02   2.8413492e-25
   2.9072865e+02   2.8445040e-25
   2.9162289e+02   2.8476781e-25
   2.9251988e+02   2.8508715e-25
   2.9341963e+02   2.8540842e-25
   2.9432215e+02   2.8573163e-25
   2.9522744e+02   2.8605679e-25
   2.9613552e+02   2.8638390e-25
   2.9704639e+02   2.8671297e-25
   2.9796006e+02   2.8704401e-25
   2.9887654e+02   2.8737702e-25
   2.9979584e+02   2.8771201e-25
   3.0071797e+02   2.8804899e-25
   3.0164294e+02   2.8838796e-25
   3.0257075e+02   2.8872893e-25
   3.0350142e+02   2.8907190e-25
   3.0443494e+02   2.8941689e-25
   3.0537134e+02   2.8976389e-25
   3.0631062e+02   2.9011293e-25
   3.0725279e+02   2.9046399e-25
   3.0819785e+02   2.9081710e-25
   3.0914583e+02   2.9117225e-25
   3.1009672e+02   2.9152945e-25
   3.1105053e+02   2.9188872e-25
   3.1200728e+02   2.9225005e-25
   3.1296697e+02   2.9261345e-25
   3.1392961e+02   2.9297893e-25
   3.1489521e+02   2.9334650e-25
   3.1586378e+02   2.9371617e-25
   3.1683534e+02   2.9408793e-25
   3.1780988e+02   2.9446181e-25
   3.1878741e+02   2.9483779e-25
   3.1976796e+02   2.9521590e-25
   3.2075152e+02   2.9559614e-25
   3.2173811e+02   2.9597851e-25
   3.2272773e+02   2.9636302e-25
   3.2372039e+02   2.9674968e-25
   3.2471611e+02   2.9713850e-25
   3.2571489e+02   2.9752948e-25
   3.2671674e+02   2.9792263e-25
   3.2772168e+02   2.9831796e-25
   3.2872970e+02   2.9871547e-25
   3.2974083e+02   2.9911518e-25
   3.3075506e+02   2.9951708e-25
   3.3177242e+02   2.9992119e-25
   3.3279290e+02   3.0032751e-25
   3.3381653e+02   3.0073605e-25
   3.3484330e+02   3.0114681e-25
   3.3587323e+02   3.0155981e-25
   3.3690633e+02   3.0197505e-25
   3.3794261e+02   3.0239254e-25
   3.3898207e+02   3.0281229e-25
   3.4002473e+02   3.0323429e-25
   3.4107060e+02   3.0365857e-25
   3.4211968e+02   3.0408512e-25
   3.4317199e+02   3.0451396e-25
   3.4422754e+02   3.0494509e-25
   3.4528634e+02   3.0537852e-25
   3.4634839e+02   3.0581426e-25
   3.4741371e+02   3.0625230e-25
   3.4848230e+02   3.0669267e-25
   3.4955418e+02   3.0713537e-25
   3.5062936e+02   3.0758040e-25
   3.5170785e+02   3.0802778e-25
   3.5278965e+02   3.0847751e-25
   3.5387478e+02   3.0892959e-25
   3.5496325e+02   3.0938404e-25
   3.5605507e+02   3.0984086e-25
   3.5715024e+02   3.1030006e-25
   3.5824879e+02   3.1076165e-25
   3.5935071e+02   3.1122563e-25
   3.6045602e+02   3.1169202e-25
   3.6156473e+02   3.1216082e-25
   3.6267685e+02   3.1263203e-25
   3.6379240e+02   3.1310567e-25
   3.6491137e+02   3.1358174e-25
   3.6603379e+02   3.1406025e-25
   3.6715965e+02   3.1454121e-25
   3.6828898e+02   3.1502463e-25
   3.6942179e+02   3.1551050e-25
   3.7055808e+02   3.1599885e-25
   3.7169786e+02   3.1648968e-25
   3.7284115e+02   3.1698299e-25
   3.7398796e+02   3.1747880e-25
   3.7513829e+02   3.1797710e-25
   3.7629216e+02   3.1847792e-25
   3.7744959e+02   3.1898125e-25
   3.7861057e+02   3.1948711e-25
   3.7977512e+02   3.1999550e-25
   3.8094325e+02   3.2050643e-25
   3.8211498e+02   3.2101991e-25
   3.8329031e+02   3.2153594e-25
   3.8446926e+02   3.2205454e-25
   3.8565183e+02   3.2257570e-25
   3.8683804e+02   3.2309945e-25
   3.8802790e+02   3.2362578e-25
   3.8922142e+02   3.2415471e-25
   3.9041861e+02   3.2468624e-25
   3.9161948e+02   3.2522038e-25
   3.9282405e+02   3.2575714e-25
   3.9403232e+02   3.2629653e-25
   3.9524431e+02   3.2683855e-25
   3.9646002e+02   3.2738321e-25
   3.9767948e+02   3.2793052e-25
   3.9890268e+02   3.2848050e-25
   4.0012965e+02   3.2903313e-25
   4.0136039e+02   3.2958845e-25
   4.0259492e+02   3.3014644e-25
   4.0383324e+02   3.3070712e-25
   4.0507538e+02   3.3127051e-25
   4.0632133e+02   3.3183660e-25
   4.0757112e+02   3.3240540e-25
   4.0882475e+02   3.3297693e-25
   4.1008224e+02   3.3355119e-25
   4.1134359e+02   3.3412819e-25
   4.1260883e+02   3.3470793e-25
   4.1387795e+02   3.3529043e-25
   4.1515098e+02   3.3587570e-25
   4.1642793e+02   3.3646373e-25
   4.1770880e+02   3.3705455e-25
   4.1899361e+02   3.3764815e-25
   4.2028238e+02   3.3824455e-25
   4.2157511e+02   3.3884376e-25
   4.2287181e+02   3.3944578e-25
   4.2417251e+02   3.4005062e-25
   4.2547720e+02   3.4065829e-25
   4.2678591e+02   3.4126880e-25
   4.2809864e+02   3.4188215e-25
   4.2941541e+02   3.4249836e-25
   4.3073623e+02   3.4311744e-25
   4.3206111e+02   3.4373938e-25
   4.3339007e+02   3.4436421e-25
   4.3472312e+02   3.4499192e-25
   4.3606027e+02   3.4562253e-25
   4.3740153e+02   3.4625605e-25
   4.3874691e+02   3.4689248e-25
   4.4009643e+02   3.4753184e-25
   4.4145011e+02   3.4817412e-25
   4.4280795e+02   3.4881935e-25
   4.4416996e+02   3.4946752e-25
   4.4553616e+02   3.5011865e-25
   4.4690657e+02   3.5077274e-25
   4.4828119e+02   3.5142981e-25
   4.4966004e+02   3.5208986e-25
   4.5104313e+02   3.5275291e-25
   4.5243047e+02   3.5341895e-25
   4.5382209e+02   3.5408800e-25
   4.5521798e+02   3.5476007e-25
   4.5661816e+02   3.5543516e-25
   4.5802266e+02   3.5611329e-25
   4.5943147e+02   3.5679447e-25
   4.6084462e+02   3.5747869e-25
   4.6226211e+02   3.5816598e-25
   4.6368396e+02   3.5885634e-25
   4.6511019e+02   3.5954977e-25
   4.6654080e+02   3.6024630e-25
   4.6797581e+02   3.6094592e-25
   4.6941524e+02   3.6164864e-25
   4.7085910e+02   3.6235448e-25
   4.7230739e+02   3.6306344e-25
   4.7376014e+02   3.6377554e-25
   4.7521736e+02   3.6449077e-25
   4.7667906e+02   3.6520916e-25
   4.7814526e+02   3.6593070e-25
   4.7961597e+02   3.6665542e-25
   4.8109120e+02   3.6738331e-25
   4.8257096e+02   3.6811438e-25
   4.8405528e+02   3.6884866e-25
   4.8554417e+02   3.6958613e-25
   4.8703763e+02   3.7032682e-25
   4.8853569e+02   3.7107073e-25
   4.9003836e+02   3.7181788e-25
   4.9154565e+02   3.7256826e-25
   4.9305757e+02   3.7332190e-25
   4.9457415e+02   3.7407879e-25
   4.9609539e+02   3.7483895e-25
   4.9762131e+02   3.7560239e-25
   4.9915192e+02   3.7636912e-25
   5.0068724e+02   3.7713914e-25
   5.0222728e+02   3.7791247e-25
   5.0377206e+02   3.7868911e-25
   5.0532159e+02   3.7946908e-25
   5.0687589e+02   3.8025238e-25
   5.0843497e+02   3.8103903e-25
   5.0999884e+02   3.8182903e-25
   5.1156753e+02   3.8262239e-25
   5.1314103e+02   3.8341912e-25
   5.1471938e+02   3.8421923e-25
   5.1630259e+02   3.8502273e-25
   5.1789066e+02   3.8582963e-25
   5.1948362e+02   3.8663994e-25
   5.2108148e+02   3.8745367e-25
   5.2268425e+02   3.8827083e-25
   5.2429195e+02   3.8909143e-25
   5.2590460e+02   3.8991547e-25
   5.2752221e+02   3.9074297e-25
   5.2914479e+02   3.9157394e-25
   5.3077236e+02   3.9240838e-25
   5.3240495e+02   3.9324631e-25
   5.3404255e+02   3.9408774e-25
   5.3568519e+02   3.9493268e-25
   5.3733288e+02   3.9578112e-25
   5.3898564e+02   3.9663310e-25
   5.4064348e+02   3.9748861e-25
   5.4230642e+02   3.9834766e-25
   5.4397448e+02   3.9921027e-25
   5.4564767e+02   4.0007645e-25
   5.4732600e+02   4.0094620e-25
   5.4900950e+02   4.0181953e-25
   5.5069818e+02   4.0269646e-25
   5.5239205e+02   4.0357700e-25
   5.5409112e+02   4.0446115e-25
   5.5579543e+02   4.0534892e-25
   5.5750498e+02   4.0624033e-25
   5.5921978e+02   4.0713538e-25
   5.6093986e+02   4.0803409e-25
   5.6266524e+02   4.0893646e-25
   5.6439591e+02   4.0984251e-25
   5.6613192e+02   4.1075224e-25
   5.6787326e+02   4.1166567e-25
   5.6961995e+02   4.1258281e-25
   5.7137202e+02   4.1350366e-25
   5.7312948e+02   4.1442824e-25
   5.7489235e+02   4.1535655e-25
   5.7666064e+02   4.1628861e-25
   5.7843436e+02   4.1722443e-25
   5.8021354e+02   4.1816402e-25
   5.8199820e+02   4.1910738e-25
   5.8378834e+02   4.2005454e-25
   5.8558399e+02   4.2100549e-25
   5.8738517e+02   4.2196025e-25
   5.8919188e+02   4.2291884e-25
   5.9100415e+02   4.2388125e-25
   5.9282199e+02   4.2484750e-25
   5.9464543e+02   4.2581761e-25
   5.9647448e+02   4.2679158e-25
   5.9830915e+02   4.2776942e-25
   6.0014946e+02   4.2875114e-25
   6.0199543e+02   4.2973676e-25
   6.0384709e+02   4.3072628e-25
   6.0570443e+02   4.3171972e-25
   6.0756750e+02   4.3271709e-25
   6.0943629e+02   4.3371839e-25
   6.1131083e+02   4.3472364e-25
   6.1319113e+02   4.3573286e-25
   6.1507722e+02   4.3674604e-25
   6.1696911e+02   4.3776320e-25
   6.1886682e+02   4.3878435e-25
   6.2077037e+02   4.3980951e-25
   6.2267977e+02   4.4083868e-25
   6.2459504e+02   4.4187187e-25
   6.2651621e+02   4.4290910e-25
   6.2844328e+02   4.4395038e-25
   6.3037629e+02   4.4499572e-25
   6.3231523e+02   4.4604512e-25
   6.3426014e+02   4.4709861e-25
   6.3621104e+02   4.4815619e-25
   6.3816793e+02   4.4921786e-25
   6.4013085e+02   4.5028366e-25
   6.4209980e+02   4.5135358e-25
   6.4407481e+02   4.5242763e-25
   6.4605589e+02   4.5350584e-25
   6.4804307e+02   4.5458820e-25
   6.5003635e+02   4.5567474e-25
   6.5203577e+02   4.5676545e-25
   6.5404134e+02   4.5786036e-25
   6.5605308e+02   4.5895948e-25
   6.5807101e+02   4.6006281e-25
   6.6009514e+02   4.6117037e-25
   6.6212550e+02   4.6228217e-25
   6.6416210e+02   4.6339823e-25
   6.6620497e+02   4.6451854e-25
   6.6825412e+02   4.6564313e-25
   6.7030958e+02   4.6677201e-25
   6.7237136e+02   4.6790519e-25
   6.7443947e+02   4.6904267e-25
   6.7651395e+02   4.7018448e-25
   6.7859481e+02   4.7133062e-25
   6.8068208e+02   4.7248111e-25
   6.8277576e+02   4.7363596e-25
   6.8487588e+02   4.7479517e-25
   6.8698246e+02   4.7595877e-25
   6.8909552e+02   4.7712676e-25
   6.9121508e+02   4.7829916e-25
   6.9334116e+02   4.7947597e-25
   6.9547378e+02   4.8065721e-25
   6.9761296e+02   4.8184290e-25
   6.9975872e+02   4.8303304e-25
   7.0191107e+02   4.8422765e-25
   7.0407005e+02   4.8542674e-25
   7.0623567e+02   4.8663031e-25
   7.0840795e+02   4.8783839e-25
   7.1058691e+02   4.8905099e-25
   7.1277258e+02   4.9026811e-25
   7.1496497e+02   4.9148978e-25
   7.1716410e+02   4.9271600e-25
   7.1936999e+02   4.9394678e-25
   7.2158267e+02   4.9518215e-25
   7.2380216e+02   4.9642210e-25
   7.2602847e+02   4.9766665e-25
   7.2826163e+02   4.9891583e-25
   7.3050166e+02   5.0016963e-25
   7.3274858e+02   5.0142807e-25
   7.3500241e+02   5.0269117e-25
   7.3726317e+02   5.0395893e-25
   7.3953089e+02   5.0523137e-25
   7.4180558e+02   5.0650851e-25
   7.4408727e+02   5.0779035e-25
   7.4637598e+02   5.0907691e-25
   7.4867172e+02   5.1036820e-25
   7.5097453e+02   5.1166424e-25
   7.5328442e+02   5.1296503e-25
   7.5560142e+02   5.1427060e-25
   7.5792554e+02   5.1558094e-25
   7.6025681e+02   5.1689609e-25
   7.6259525e+02   5.1821604e-25
   7.6494089e+02   5.1954082e-25
   7.6729374e+02   5.2087044e-25
   7.6965382e+02   5.2220490e-25
   7.7202117e+02   5.2354423e-25
   7.7439580e+02   5.2488844e-25
   7.7677773e+02   5.2623753e-25
   7.7916699e+02   5.2759153e-25
   7.8156359e+02   5.2895045e-25
   7.8396757e+02   5.3031430e-25
   7.8637895e+02   5.3168309e-25
   7.8879774e+02   5.3305684e-25
   7.9122397e+02   5.3443556e-25
   7.9365766e+02   5.3581927e-25
   7.9609884e+02   5.3720797e-25
   7.9854752e+02   5.3860169e-25
   8.0100374e+02   5.4000044e-25
   8.0346752e+02   5.4140423e-25
   8.0593887e+02   5.4281307e-25
   8.0841782e+02   5.4422698e-25
   8.1090440e+02   5.4564597e-25
   8.1339863e+02   5.4707006e-25
   8.1590052e+02   5.4849926e-25
   8.1841012e+02   5.4993359e-25
   8.2092743e+02   5.5137306e-25
   8.2345249e+02   5.5281767e-25
   8.2598531e+02   5.5426746e-25
   8.2852592e+02   5.5572243e-25
   8.3107435e+02   5.5718259e-25
   8.3363062e+02   5.5864797e-25
   8.3619475e+02   5.6011857e-25
   8.3876676e+02   5.6159441e-25
   8.4134669e+02   5.6307551e-25
   8.4393456e+02   5.6456187e-25
   8.4653038e+02   5.6605352e-25
   8.4913419e+02   5.6755046e-25
   8.5174600e+02   5.6905272e-25
   8.5436585e+02   5.7056031e-25
   8.5699376e+02   5.7207324e-25
   8.5962975e+02   5.7359152e-25
   8.6227385e+02   5.7511518e-25
   8.6492608e+02   5.7664422e-25
   8.6758647e+02   5.7817867e-25
   8.7025504e+02   5.7971853e-25
   8.7293182e+02   5.8126383e-25
   8.7561684e+02   5.8281457e-25
   8.7831011e+02   5.8437078e-25
   8.8101167e+02   5.8593246e-25
   8.8372154e+02   5.8749964e-25
   8.8643974e+02   5.8907232e-25
   8.8916630e+02   5.9065053e-25
   8.9190125e+02   5.9223428e-25
   8.9464461e+02   5.9382358e-25
   8.9739641e+02   5.9541845e-25
   9.0015667e+02   5.9701891e-25
   9.0292543e+02   5.9862496e-25
   9.0570270e+02   6.0023664e-25
   9.0848851e+02   6.0185395e-25
   9.1128289e+02   6.0347690e-25
   9.1408587e+02   6.0510552e-25
   9.1689747e+02   6.0673982e-25
   9.1971771e+02   6.0837981e-25
   9.2254664e+02   6.1002552e-25
   9.2538426e+02   6.1167695e-25
   9.2823061e+02   6.1333413e-25
   9.3108571e+02   6.1499707e-25
   9.3394960e+02   6.1666578e-25
   9.3682230e+02   6.1834028e-25
   9.3970383e+02   6.2002060e-25
   9.4259423e+02   6.2170673e-25
   9.4549351e+02   6.2339871e-25
   9.4840172e+02   6.2509655e-25
   9.5131886e+02   6.2680026e-25
   9.5424499e+02   6.2850986e-25
   9.5718011e+02   6.3022536e-25
   9.6012426e+02   6.3194679e-25
   9.6307746e+02   6.3367416e-25
   9.6603975e+02   6.3540749e-25
   9.6901115e+02   6.3714679e-25
   9.7199169e+02   6.3889208e-25
   9.7498140e+02   6.4064337e-25
   9.7798031e+02   6.4240069e-25
   9.8098844e+02   6.4416405e-25
   9.8400582e+02   6.4593347e-25
   9.8703248e+02   6.4770897e-25
   9.9006845e+02   6.4949055e-25
   9.9311376e+02   6.5127825e-25
   9.9616844e+02   6.5307207e-25
   9.9923251e+02   6.5487204e-25
   1.0023060e+03   6.5667816e-25
   1.0053890e+03   6.5849047e-25
   1.0084814e+03   6.6030897e-25
   1.0115833e+03   6.6213369e-25
   1.0146948e+03   6.6396463e-25
   1.0178159e+03   6.6580183e-25
   1.0209465e+03   6.6764529e-25
   1.0240868e+03   6.6949503e-25
   1.0272368e+03   6.7135108e-25
   1.0303964e+03   6.7321345e-25
   1.0335658e+03   6.7508215e-25
   1.0367449e+03   6.7695721e-25
   1.0399337e+03   6.7883864e-25
   1.0431324e+03   6.8072647e-25
   1.0463410e+03   6.8262070e-25
   1.0495594e+03   6.8452136e-25
   1.0527876e+03   6.8642847e-25
   1.0560259e+03   6.8834204e-25
   1.0592741e+03   6.9026210e-25
   1.0625322e+03   6.9218866e-25
   1.0658004e+03   6.9412173e-25
   1.0690787e+03   6.9606135e-25
   1.0723670e+03   6.9800752e-25
   1.0756655e+03   6.9996026e-25
   1.0789741e+03   7.0191960e-25
   1.0822928e+03   7.0388555e-25
   1.0856218e+03   7.0585814e-25
   1.0889610e+03   7.0783737e-25
   1.0923105e+03   7.0982328e-25
   1.0956703e+03   7.1181587e-25
   1.0990404e+03   7.1381517e-25
   1.1024209e+03   7.1582120e-25
   1.1058118e+03   7.1783397e-25
   1.1092131e+03   7.1985351e-25
   1.1126249e+03   7.2187983e-25
   1.1160472e+03   7.2391295e-25
   1.1194800e+03   7.2595290e-25
   1.1229234e+03   7.2799969e-25
   1.1263773e+03   7.3005335e-25
   1.1298419e+03   7.3211388e-25
   1.1333171e+03   7.3418132e-25
   1.1368030e+03   7.3625568e-25
   1.1402997e+03   7.3833697e-25
   1.1438071e+03   7.4042523e-25
   1.1473253e+03   7.4252047e-25
   1.1508543e+03   7.4462271e-25
   1.1543942e+03   7.4673198e-25
   1.1579449e+03   7.4884828e-25
   1.1615066e+03   7.5097164e-25
   1.1650792e+03   7.5310209e-25
   1.1686628e+03   7.5523963e-25
   1.1722575e+03   7.5738430e-25
   1.1758632e+03   7.5953611e-25
   1.1794800e+03   7.6169509e-25
   1.1831079e+03   7.6386124e-25
   1.1867469e+03   7.6603461e-25
   1.1903972e+03   7.6821519e-25
   1.1940587e+03   7.7040302e-25
   1.1977314e+03   7.7259812e-25
   1.2014155e+03   7.7480051e-25
   1.2051109e+03   7.7701020e-25
   1.2088176e+03   7.7922723e-25
   1.2125358e+03   7.8145160e-25
   1.2162654e+03   7.8368334e-25
   1.2200064e+03   7.8592248e-25
   1.2237590e+03   7.8816903e-25
   1.2275231e+03   7.9042302e-25
   1.2312988e+03   7.9268447e-25
   1.2350861e+03   7.9495339e-25
   1.2388850e+03   7.9722981e-25
   1.2426957e+03   7.9951376e-25
   1.2465180e+03   8.0180525e-25
   1.2503521e+03   8.0410430e-25
   1.2541981e+03   8.0641094e-25
   1.2580558e+03   8.0872519e-25
   1.2619254e+03   8.1104707e-25
   1.2658069e+03   8.1337660e-25
   1.2697003e+03   8.1571381e-25
   1.2736058e+03   8.1805872e-25
   1.2775232e+03   8.2041134e-25
   1.2814527e+03   8.2277171e-25
   1.2853942e+03   8.2513984e-25
   1.2893479e+03   8.2751576e-25
   1.2933138e+03   8.2989948e-25
   1.2972918e+03   8.3229104e-25
   1.3012821e+03   8.3469046e-25
   1.3052847e+03   8.3709775e-25
   1.3092995e+03   8.3951294e-25
   1.3133268e+03   8.4193605e-25
   1.3173664e+03   8.4436711e-25
   1.3214184e+03   8.4680615e-25
   1.3254829e+03   8.4925317e-25
   1.3295599e+03   8.5170821e-25
   1.3336494e+03   8.5417128e-25
   1.3377515e+03   8.5664242e-25
   1.3418663e+03   8.5912165e-25
   1.3459937e+03   8.6160898e-25
   1.3501337e+03   8.6410445e-25
   1.3542866e+03   8.6660807e-25
   1.3584522e+03   8.6911988e-25
   1.3626306e+03   8.7163989e-25
   1.3668218e+03   8.7416812e-25
   1.3710260e+03   8.7670461e-25
   1.3752431e+03   8.7924937e-25
   1.3794731e+03   8.8180244e-25
   1.3837162e+03   8.8436382e-25
   1.3879723e+03   8.8693356e-25
   1.3922415e+03   8.8951167e-25
   1.3965238e+03   8.9209818e-25
   1.4008193e+03   8.9469310e-25
   1.4051281e+03   8.9729648e-25
   1.4094500e+03   8.9990832e-25
   1.4137853e+03   9.0252867e-25
   1.4181339e+03   9.0515753e-25
   1.4224959e+03   9.0779493e-25
   1.4268713e+03   9.1044091e-25
   1.4312601e+03   9.1309549e-25
   1.4356625e+03   9.1575868e-25
   1.4400784e+03   9.1843052e-25
   1.4445079e+03   9.2111103e-25
   1.4489510e+03   9.2380024e-25
   1.4534077e+03   9.2649817e-25
   1.4578782e+03   9.2920484e-25
   1.4623624e+03   9.3192029e-25
   1.4668604e+03   9.3464454e-25
   1.4713723e+03   9.3737761e-25
   1.4758980e+03   9.4011954e-25
   1.4804377e+03   9.4287034e-25
   1.4849913e+03   9.4563004e-25
   1.4895589e+03   9.4839867e-25
   1.4941406e+03   9.5117626e-25
   1.4987364e+03   9.5396282e-25
   1.5033463e+03   9.5675840e-25
   1.5079703e+03   9.5956300e-25
   1.5126086e+03   9.6237667e-25
   1.5172612e+03   9.6519943e-25
   1.5219281e+03   9.6803130e-25
   1.5266093e+03   9.7087231e-25
   1.5313050e+03   9.7372248e-25
   1.5360150e+03   9.7658185e-25
   1.5407396e+03   9.7945045e-25
   1.5454787e+03   9.8232829e-25
   1.5502324e+03   9.8521540e-25
   1.5550007e+03   9.8811182e-25
   1.5597836e+03   9.9101757e-25
   1.5645813e+03   9.9393268e-25
   1.5693937e+03   9.9685717e-25
   1.5742210e+03   9.9979108e-25
   1.5790630e+03   1.0027344e-24
   1.5839200e+03   1.0056872e-24
   1.5887919e+03   1.0086496e-24
   1.5936788e+03   1.0116214e-24
   1.5985807e+03   1.0146028e-24
   1.6034978e+03   1.0175938e-24
   1.6084299e+03   1.0205943e-24
   1.6133772e+03   1.0236045e-24
   1.6183397e+03   1.0266244e-24
   1.6233175e+03   1.0296540e-24
   1.6283106e+03   1.0326933e-24
   1.6333190e+03   1.0357424e-24
   1.6383429e+03   1.0388012e-24
   1.6433822e+03   1.0418698e-24
   1.6484370e+03   1.0449483e-24
   1.6535074e+03   1.0480367e-24
   1.6585933e+03   1.0511349e-24
   1.6636949e+03   1.0542431e-24
   1.6688122e+03   1.0573612e-24
   1.6739452e+03   1.0604893e-24
   1.6790941e+03   1.0636274e-24
   1.6842587e+03   1.0667756e-24
   1.6894393e+03   1.0699338e-24
   1.6946357e+03   1.0731022e-24
   1.6998482e+03   1.0762807e-24
   1.7050767e+03   1.0794693e-24
   1.7103213e+03   1.0826682e-24
   1.7155820e+03   1.0858772e-24
   1.7208588e+03   1.0890965e-24
   1.7261520e+03   1.0923261e-24
   1.7314614e+03   1.0955660e-24
   1.7367871e+03   1.0988163e-24
   1.7421292e+03   1.1020769e-24
   1.7474877e+03   1.1053480e-24
   1.7528628e+03   1.1086295e-24
   1.7582543e+03   1.1119214e-24
   1.7636625e+03   1.1152239e-24
   1.7690872e+03   1.1185369e-24
   1.7745287e+03   1.1218604e-24
   1.7799869e+03   1.1251945e-24
   1.7854619e+03   1.1285393e-24
   1.7909537e+03   1.1318947e-24
   1.7964624e+03   1.1352608e-24
   1.8019881e+03   1.1386377e-24
   1.8075308e+03   1.1420252e-24
   1.8130905e+03   1.1454236e-24
   1.8186673e+03   1.1488328e-24
   1.8242612e+03   1.1522528e-24
   1.8298724e+03   1.1556837e-24
   1.8355008e+03   1.1591256e-24
   1.8411466e+03   1.1625784e-24
   1.8468097e+03   1.1660421e-24
   1.8524902e+03   1.1695169e-24
   1.8581882e+03   1.1730027e-24
   1.8639037e+03   1.1764996e-24
   1.8696368e+03   1.1800076e-24
   1.8753876e+03   1.1835267e-24
   1.8811560e+03   1.1870570e-24
   1.8869422e+03   1.1905985e-24
   1.8927461e+03   1.1941513e-24
   1.8985679e+03   1.1977153e-24
   1.9044077e+03   1.2012907e-24
   1.9102653e+03   1.2048774e-24
   1.9161411e+03   1.2084755e-24
   1.9220348e+03   1.2120849e-24
   1.9279467e+03   1.2157059e-24
   1.9338768e+03   1.2193383e-24
   1.9398252e+03   1.2229822e-24
   1.9457918e+03   1.2266377e-24
   1.9517768e+03   1.2303047e-24
   1.9577802e+03   1.2339834e-24
   1.9638020e+03   1.2376737e-24
   1.9698424e+03   1.2413758e-24
   1.9759013e+03   1.2450895e-24
   1.9819789e+03   1.2488150e-24
   1.9880752e+03   1.2525523e-24
   1.9941903e+03   1.2563014e-24
   2.0003241e+03   1.2600624e-24
   2.0064768e+03   1.2638352e-24
   2.0126484e+03   1.2676200e-24
   2.0188391e+03   1.2714168e-24
   2.0250487e+03   1.2752256e-24
   2.0312775e+03   1.2790464e-24
   2.0375254e+03   1.2828793e-24
   2.0437926e+03   1.2867244e-24
   2.0500790e+03   1.2905815e-24
   2.0563847e+03   1.2944509e-24
   2.0627099e+03   1.2983325e-24
   2.0690545e+03   1.3022263e-24
   2.0754186e+03   1.3061324e-24
   2.0818023e+03   1.3100509e-24
   2.0882056e+03   1.3139817e-24
   2.0946286e+03   1.3179250e-24
   2.1010714e+03   1.3218807e-24
   2.1075340e+03   1.3258488e-24
   2.1140165e+03   1.3298295e-24
   2.1205189e+03   1.3338228e-24
   2.1270413e+03   1.3378286e-24
   2.1335838e+03   1.3418471e-24
   2.1401464e+03   1.3458782e-24
   2.1467292e+03   1.3499221e-24
   2.1533322e+03   1.3539787e-24
   2.1599556e+03   1.3580481e-24
   2.1665993e+03   1.3621303e-24
   2.1732634e+03   1.3662253e-24
   2.1799481e+03   1.3703333e-24
   2.1866533e+03   1.3744542e-24
   2.1933791e+03   1.3785881e-24
   2.2001256e+03   1.3827350e-24
   2.2068929e+03   1.3868950e-24
   2.2136810e+03   1.3910680e-24
   2.2204900e+03   1.3952542e-24
   2.2273199e+03   1.3994536e-24
   2.2341708e+03   1.4036661e-24
   2.2410428e+03   1.4078920e-24
   2.2479359e+03   1.4121311e-24
   2.2548503e+03   1.4163835e-24
   2.2617859e+03   1.4206494e-24
   2.2687428e+03   1.4249286e-24
   2.2757211e+03   1.4292213e-24
   2.2827209e+03   1.4335275e-24
   2.2897422e+03   1.4378472e-24
   2.2967852e+03   1.4421805e-24
   2.3038497e+03   1.4465274e-24
   2.3109361e+03   1.4508880e-24
   2.3180442e+03   1.4552623e-24
   2.3251741e+03   1.4596503e-24
   2.3323261e+03   1.4640521e-24
   2.3395000e+03   1.4684677e-24
   2.3466959e+03   1.4728972e-24
   2.3539140e+03   1.4773406e-24
   2.3611543e+03   1.4817979e-24
   2.3684169e+03   1.4862692e-24
   2.3757018e+03   1.4907546e-24
   2.3830091e+03   1.4952540e-24
   2.3903389e+03   1.4997676e-24
   2.3976913e+03   1.5042953e-24
   2.4050662e+03   1.5088372e-24
   2.4124639e+03   1.5133934e-24
   2.4198843e+03   1.5179638e-24
   2.4273275e+03   1.5225486e-24
   2.4347936e+03   1.5271478e-24
   2.4422827e+03   1.5317613e-24
   2.4497948e+03   1.5363894e-24
   2.4573300e+03   1.5410319e-24
   2.4648884e+03   1.5456890e-24
   2.4724701e+03   1.5503607e-24
   2.4800750e+03   1.5550470e-24
   2.4877034e+03   1.5597480e-24
   2.4953552e+03   1.5644637e-24
   2.5030306e+03   1.5691942e-24
   2.5107295e+03   1.5739395e-24
   2.5184522e+03   1.5786997e-24
   2.5261986e+03   1.5834748e-24
   2.5339688e+03   1.5882648e-24
   2.5417630e+03   1.5930698e-24
   2.5495811e+03   1.5978899e-24
   2.5574232e+03   1.6027250e-24
   2.5652895e+03   1.6075753e-24
   2.5731799e+03   1.6124408e-24
   2.5810947e+03   1.6173214e-24
   2.5890338e+03   1.6222174e-24
   2.5969973e+03   1.6271286e-24
   2.6049852e+03   1.6320553e-24
   2.6129978e+03   1.6369973e-24
   2.6210350e+03   1.6419548e-24
   2.6290970e+03   1.6469278e-24
   2.6371837e+03   1.6519163e-24
   2.6452953e+03   1.6569204e-24
   2.6534318e+03   1.6619402e-24
   2.6615934e+03   1.6669756e-24
   2.6697801e+03   1.6720268e-24
   2.6779920e+03   1.6770938e-24
   2.6862291e+03   1.6821766e-24
   2.6944915e+03   1.6872753e-24
   2.7027794e+03   1.6923899e-24
   2.7110928e+03   1.6975205e-24
   2.7194317e+03   1.7026671e-24
   2.7277963e+03   1.7078298e-24
   2.7361866e+03   1.7130087e-24
   2.7446027e+03   1.7182036e-24
   2.7530448e+03   1.7234148e-24
   2.7615127e+03   1.7286423e-24
   2.7700067e+03   1.7338861e-24
   2.7785269e+03   1.7391463e-24
   2.7870732e+03   1.7444229e-24
   2.7956459e+03   1.7497159e-24
   2.8042449e+03   1.7550255e-24
   2.8128704e+03   1.7603516e-24
   2.8215223e+03   1.7656944e-24
   2.8302010e+03   1.7710538e-24
   2.8389062e+03   1.7764299e-24
   2.8476383e+03   1.7818228e-24
   2.8563972e+03   1.7872326e-24
   2.8651831e+03   1.7926592e-24
   2.8739960e+03   1.7981027e-24
   2.8828360e+03   1.8035632e-24
   2.8917032e+03   1.8090407e-24
   2.9005977e+03   1.8145353e-24
   2.9095195e+03   1.8200470e-24
   2.9184688e+03   1.8255759e-24
   2.9274456e+03   1.8311221e-24
   2.9364500e+03   1.8366855e-24
   2.9454821e+03   1.8422662e-24
   2.9545420e+03   1.8478644e-24
   2.9636297e+03   1.8534800e-24
   2.9727454e+03   1.8591131e-24
   2.9818892e+03   1.8647637e-24
   2.9910610e+03   1.8704319e-24
   3.0002611e+03   1.8761178e-24
   3.0094895e+03   1.8818214e-24
   3.0187463e+03   1.8875428e-24
   3.0280315e+03   1.8932820e-24
   3.0373453e+03   1.8990391e-24
   3.0466877e+03   1.9048140e-24
   3.0560589e+03   1.9106070e-24
   3.0654589e+03   1.9164180e-24
   3.0748878e+03   1.9222471e-24
   3.0843457e+03   1.9280943e-24
   3.0938327e+03   1.9339598e-24
   3.1033489e+03   1.9398434e-24
   3.1128944e+03   1.9457454e-24
   3.1224692e+03   1.9516658e-24
   3.1320735e+03   1.9576046e-24
   3.1417073e+03   1.9635618e-24
   3.1513708e+03   1.9695376e-24
   3.1610639e+03   1.9755320e-24
   3.1707869e+03   1.9815451e-24
   3.1805398e+03   1.9875768e-24
   3.1903227e+03   1.9936273e-24
   3.2001357e+03   1.9996966e-24
   3.2099788e+03   2.0057848e-24
   3.2198523e+03   2.0118919e-24
   3.2297561e+03   2.0180180e-24
   3.2396903e+03   2.0241632e-24
   3.2496552e+03   2.0303275e-24
   3.2596506e+03   2.0365109e-24
   3.2696769e+03   2.0427135e-24
   3.2797339e+03   2.0489355e-24
   3.2898219e+03   2.0551767e-24
   3.2999410e+03   2.0614374e-24
   3.3100911e+03   2.0677175e-24
   3.3202725e+03   2.0740172e-24
   3.3304852e+03   2.0803364e-24
   3.3407293e+03   2.0866752e-24
   3.3510049e+03   2.0930338e-24
   3.3613121e+03   2.0994121e-24
   3.3716510e+03   2.1058102e-24
   3.3820217e+03   2.1122282e-24
   3.3924243e+03   2.1186661e-24
   3.4028590e+03   2.1251241e-24
   3.4133257e+03   2.1316021e-24
   3.4238246e+03   2.1381002e-24
   3.4343558e+03   2.1446184e-24
   3.4449194e+03   2.1511570e-24
   3.4555154e+03   2.1577158e-24
   3.4661441e+03   2.1642950e-24
   3.4768055e+03   2.1708946e-24
   3.4874996e+03   2.1775147e-24
   3.4982267e+03   2.1841554e-24
   3.5089867e+03   2.1908167e-24
   3.5197799e+03   2.1974986e-24
   3.5306062e+03   2.2042013e-24
   3.5414659e+03   2.2109248e-24
   3.5523589e+03   2.2176692e-24
   3.5632855e+03   2.2244345e-24
   3.5742456e+03   2.2312208e-24
   3.5852395e+03   2.2380281e-24
   3.5962672e+03   2.2448566e-24
   3.6073288e+03   2.2517062e-24
   3.6184244e+03   2.2585771e-24
   3.6295542e+03   2.2654694e-24
   3.6407182e+03   2.2723830e-24
   3.6519165e+03   2.2793180e-24
   3.6631493e+03   2.2862746e-24
   3.6744166e+03   2.2932527e-24
   3.6857186e+03   2.3002525e-24
   3.6970553e+03   2.3072740e-24
   3.7084270e+03   2.3143173e-24
   3.7198336e+03   2.3213824e-24
   3.7312752e+03   2.3284694e-24
   3.7427521e+03   2.3355784e-24
   3.7542643e+03   2.3427094e-24
   3.7658119e+03   2.3498626e-24
   3.7773950e+03   2.3570379e-24
   3.7890137e+03   2.3642355e-24
   3.8006682e+03   2.3714554e-24
   3.8123585e+03   2.3786976e-24
   3.8240848e+03   2.3859623e-24
   3.8358471e+03   2.3932496e-24
   3.8476456e+03   2.4005594e-24
   3.8594804e+03   2.4078919e-24
   3.8713516e+03   2.4152471e-24
   3.8832594e+03   2.4226251e-24
   3.8952037e+03   2.4300259e-24
   3.9071848e+03   2.4374497e-24
   3.9192028e+03   2.4448965e-24
   3.9312577e+03   2.4523663e-24
   3.9433497e+03   2.4598594e-24
   3.9554788e+03   2.4673756e-24
   3.9676453e+03   2.4749151e-24
   3.9798493e+03   2.4824779e-24
   3.9920907e+03   2.4900642e-24
   4.0043698e+03   2.4976740e-24
   4.0166867e+03   2.5053074e-24
   4.0290414e+03   2.5129644e-24
   4.0414342e+03   2.5206451e-24
   4.0538651e+03   2.5283496e-24
   4.0663342e+03   2.5360780e-24
   4.0788417e+03   2.5438303e-24
   4.0913876e+03   2.5516066e-24
   4.1039721e+03   2.5594070e-24
   4.1165954e+03   2.5672315e-24
   4.1292574e+03   2.5750803e-24
   4.1419584e+03   2.5829534e-24
   4.1546985e+03   2.5908508e-24
   4.1674778e+03   2.5987727e-24
   4.1802963e+03   2.6067192e-24
   4.1931543e+03   2.6146902e-24
   4.2060519e+03   2.6226859e-24
   4.2189891e+03   2.6307063e-24
   4.2319661e+03   2.6387516e-24
   4.2449830e+03   2.6468218e-24
   4.2580400e+03   2.6549169e-24
   4.2711371e+03   2.6630371e-24
   4.2842745e+03   2.6711825e-24
   4.2974524e+03   2.6793530e-24
   4.3106707e+03   2.6875488e-24
   4.3239297e+03   2.6957700e-24
   4.3372295e+03   2.7040166e-24
   4.3505702e+03   2.7122888e-24
   4.3639519e+03   2.7205865e-24
   4.3773748e+03   2.7289099e-24
   4.3908390e+03   2.7372591e-24
   4.4043446e+03   2.7456341e-24
   4.4178918e+03   2.7540350e-24
   4.4314806e+03   2.7624619e-24
   4.4451112e+03   2.7709149e-24
   4.4587837e+03   2.7793940e-24
   4.4724983e+03   2.7878993e-24
   4.4862551e+03   2.7964310e-24
   4.5000541e+03   2.8049890e-24
   4.5138957e+03   2.8135735e-24
   4.5277798e+03   2.8221846e-24
   4.5417066e+03   2.8308223e-24
   4.5556762e+03   2.8394867e-24
   4.5696888e+03   2.8481779e-24
   4.5837446e+03   2.8568960e-24
   4.5978435e+03   2.8656410e-24
   4.6119858e+03   2.8744131e-24
   4.6261716e+03   2.8832123e-24
   4.6404011e+03   2.8920387e-24
   4.6546743e+03   2.9008924e-24
   4.6689914e+03   2.9097734e-24
   4.6833526e+03   2.9186820e-24
   4.6977579e+03   2.9276180e-24
   4.7122075e+03   2.9365817e-24
   4.7267016e+03   2.9455731e-24
   4.7412403e+03   2.9545923e-24
   4.7558236e+03   2.9636394e-24
   4.7704519e+03   2.9727145e-24
   4.7851251e+03   2.9818176e-24
   4.7998435e+03   2.9909488e-24
   4.8146071e+03   3.0001083e-24
   4.8294162e+03   3.0092960e-24
   4.8442708e+03   3.0185122e-24
   4.8591711e+03   3.0277569e-24
   4.8741172e+03   3.0370301e-24
   4.8891093e+03   3.0463320e-24
   4.9041475e+03   3.0556626e-24
   4.9192319e+03   3.0650220e-24
   4.9343628e+03   3.0744104e-24
   4.9495402e+03   3.0838278e-24
   4.9647643e+03   3.0932743e-24
   4.9800352e+03   3.1027500e-24
   4.9953531e+03   3.1122549e-24
   5.0107181e+03   3.1217893e-24
   5.0261303e+03   3.1313530e-24
   5.0415900e+03   3.1409464e-24
   5.0570972e+03   3.1505693e-24
   5.0726521e+03   3.1602220e-24
   5.0882549e+03   3.1699045e-24
   5.1039056e+03   3.1796170e-24
   5.1196045e+03   3.1893594e-24
   5.1353517e+03   3.1991319e-24
   5.1511473e+03   3.2089346e-24
   5.1669915e+03   3.2187676e-24
   5.1828844e+03   3.2286310e-24
   5.1988262e+03   3.2385248e-24
   5.2148171e+03   3.2484492e-24
   5.2308571e+03   3.2584042e-24
   5.2469465e+03   3.2683900e-24
   5.2630854e+03   3.2784066e-24
   5.2792739e+03   3.2884542e-24
   5.2955122e+03   3.2985328e-24
   5.3118004e+03   3.3086425e-24
   5.3281387e+03   3.3187834e-24
   5.3445273e+03   3.3289556e-24
   5.3609663e+03   3.3391593e-24
   5.3774559e+03   3.3493945e-24
   5.3939962e+03   3.3596612e-24
   5.4105874e+03   3.3699597e-24
   5.4272296e+03   3.3802900e-24
   5.4439230e+03   3.3906521e-24
   5.4606677e+03   3.4010463e-24
   5.4774639e+03   3.4114725e-24
   5.4943118e+03   3.4219309e-24
   5.5112116e+03   3.4324217e-24
   5.5281633e+03   3.4429448e-24
   5.5451671e+03   3.4535004e-24
   5.5622233e+03   3.4640885e-24
   5.5793319e+03   3.4747094e-24
   5.5964931e+03   3.4853631e-24
   5.6137071e+03   3.4960496e-24
   5.6309741e+03   3.5067691e-24
   5.6482942e+03   3.5175217e-24
   5.6656675e+03   3.5283075e-24
   5.6830943e+03   3.5391266e-24
   5.7005747e+03   3.5499791e-24
   5.7181088e+03   3.5608651e-24
   5.7356969e+03   3.5717847e-24
   5.7533391e+03   3.5827380e-24
   5.7710356e+03   3.5937251e-24
   5.7887865e+03   3.6047460e-24
   5.8065919e+03   3.6158011e-24
   5.8244522e+03   3.6268902e-24
   5.8423674e+03   3.6380172e-24
   5.8603377e+03   3.6491786e-24
   5.8783632e+03   3.6603744e-24
   5.8964443e+03   3.6716047e-24
   5.9145809e+03   3.6828697e-24
   5.9327733e+03   3.6941694e-24
   5.9510217e+03   3.7055040e-24
   5.9693262e+03   3.7168735e-24
   5.9876870e+03   3.7282781e-24
   6.0061042e+03   3.7397178e-24
   6.0245781e+03   3.7511928e-24
   6.0431089e+03   3.7627032e-24
   6.0616966e+03   3.7742491e-24
   6.0803416e+03   3.7858306e-24
   6.0990438e+03   3.7974478e-24
   6.1178036e+03   3.8091008e-24
   6.1366211e+03   3.8207897e-24
   6.1554965e+03   3.8325147e-24
   6.1744299e+03   3.8442758e-24
   6.1934216e+03   3.8560732e-24
   6.2124717e+03   3.8679070e-24
   6.2315804e+03   3.8797772e-24
   6.2507478e+03   3.8916840e-24
   6.2699742e+03   3.9036276e-24
   6.2892598e+03   3.9156079e-24
   6.3086046e+03   3.9276252e-24
   6.3280090e+03   3.9396796e-24
   6.3474731e+03   3.9517710e-24
   6.3669970e+03   3.9638998e-24
   6.3865810e+03   3.9760660e-24
   6.4062252e+03   3.9882696e-24
   6.4259298e+03   4.0005109e-24
   6.4456951e+03   4.0127899e-24
   6.4655211e+03   4.0251068e-24
   6.4854081e+03   4.0374616e-24
   6.5053563e+03   4.0498545e-24
   6.5253659e+03   4.0622856e-24
   6.5454370e+03   4.0747551e-24
   6.5655698e+03   4.0872629e-24
   6.5857646e+03   4.0998093e-24
   6.6060215e+03   4.1123944e-24
   6.6263406e+03   4.1250183e-24
   6.6467223e+03   4.1376811e-24
   6.6671667e+03   4.1503829e-24
   6.6876740e+03   4.1631238e-24
   6.7082443e+03   4.1759040e-24
   6.7288779e+03   4.1887236e-24
   6.7495750e+03   4.2015828e-24
   6.7703357e+03   4.2144815e-24
   6.7911603e+03   4.2274200e-24
   6.8120489e+03   4.2403984e-24
   6.8330018e+03   4.2534167e-24
   6.8540192e+03   4.2664752e-24
   6.8751012e+03   4.2795739e-24
   6.8962480e+03   4.2927130e-24
   6.9174599e+03   4.3058926e-24
   6.9387370e+03   4.3191128e-24
   6.9600796e+03   4.3323737e-24
   6.9814878e+03   4.3456755e-24
   7.0029619e+03   4.3590183e-24
   7.0245020e+03   4.3724022e-24
   7.0461083e+03   4.3858273e-24
   7.0677812e+03   4.3992939e-24
   7.0895207e+03   4.4128019e-24
   7.1113270e+03   4.4263515e-24
   7.1332004e+03   4.4399428e-24
   7.1551412e+03   4.4535761e-24
   7.1771494e+03   4.4672514e-24
   7.1992252e+03   4.4809687e-24
   7.2213690e+03   4.4947284e-24
   7.2435809e+03   4.5085305e-24
   7.2658612e+03   4.5223750e-24
   7.2882099e+03   4.5362623e-24
   7.3106274e+03   4.5501923e-24
   7.3331139e+03   4.5641652e-24
   7.3556695e+03   4.5781812e-24
   7.3782945e+03   4.5922404e-24
   7.4009891e+03   4.6063429e-24
   7.4237535e+03   4.6204888e-24
   7.4465879e+03   4.6346783e-24
   7.4694925e+03   4.6489115e-24
   7.4924676e+03   4.6631886e-24
   7.5155134e+03   4.6775096e-24
   7.5386300e+03   4.6918748e-24
   7.5618178e+03   4.7062843e-24
   7.5850769e+03   4.7207381e-24
   7.6084075e+03   4.7352364e-24
   7.6318099e+03   4.7497794e-24
   7.6552842e+03   4.7643672e-24
   7.6788308e+03   4.7790000e-24
   7.7024498e+03   4.7936778e-24
   7.7261414e+03   4.8084008e-24
   7.7499060e+03   4.8231692e-24
   7.7737436e+03   4.8379831e-24
   7.7976545e+03   4.8528426e-24
   7.8216390e+03   4.8677479e-24
   7.8456972e+03   4.8826991e-24
   7.8698295e+03   4.8976964e-24
   7.8940359e+03   4.9127398e-24
   7.9183169e+03   4.9278296e-24
   7.9426725e+03   4.9429659e-24
   7.9671030e+03   4.9581487e-24
   7.9916087e+03   4.9733784e-24
   8.0161898e+03   4.9886550e-24
   8.0408464e+03   5.0039786e-24
   8.0655789e+03   5.0193494e-24
   8.0903875e+03   5.0347675e-24
   8.1152724e+03   5.0502332e-24
   8.1402338e+03   5.0657465e-24
   8.1652720e+03   5.0813075e-24
   8.1903872e+03   5.0969165e-24
   8.2155797e+03   5.1125736e-24
   8.2408496e+03   5.1282788e-24
   8.2661973e+03   5.1440325e-24
   8.2916230e+03   5.1598347e-24
   8.3171268e+03   5.1756855e-24
   8.3427091e+03   5.1915851e-24
   8.3683701e+03   5.2075338e-24
   8.3941100e+03   5.2235315e-24
   8.4199291e+03   5.2395785e-24
   8.4458276e+03   5.2556749e-24
   8.4718058e+03   5.2718209e-24
   8.4978639e+03   5.2880167e-24
   8.5240021e+03   5.3042622e-24
   8.5502207e+03   5.3205579e-24
   8.5765200e+03   5.3369037e-24
   8.6029001e+03   5.3532998e-24
   8.6293614e+03   5.3697465e-24
   8.6559041e+03   5.3862438e-24
   8.6825285e+03   5.4027919e-24
   8.7092347e+03   5.4193909e-24
   8.7360231e+03   5.4360411e-24
   8.7628938e+03   5.4527425e-24
   8.7898472e+03   5.4694954e-24
   8.8168836e+03   5.4862998e-24
   8.8440030e+03   5.5031561e-24
   8.8712059e+03   5.5200642e-24
   8.8984925e+03   5.5370243e-24
   8.9258630e+03   5.5540367e-24
   8.9533177e+03   5.5711015e-24
   8.9808568e+03   5.5882189e-24
   9.0084807e+03   5.6053889e-24
   9.0361895e+03   5.6226118e-24
   9.0639835e+03   5.6398878e-24
   9.0918630e+03   5.6572169e-24
   9.1198283e+03   5.6745994e-24
   9.1478796e+03   5.6920354e-24
   9.1760172e+03   5.7095251e-24
   9.2042413e+03   5.7270687e-24
   9.2325522e+03   5.7446663e-24
   9.2609503e+03   5.7623180e-24
   9.2894356e+03   5.7800241e-24
   9.3180086e+03   5.7977848e-24
   9.3466695e+03   5.8156001e-24
   9.3754185e+03   5.8334702e-24
   9.4042560e+03   5.8513954e-24
   9.4331821e+03   5.8693758e-24
   9.4621973e+03   5.8874115e-24
   9.4913016e+03   5.9055028e-24
   9.5204955e+03   5.9236498e-24
   9.5497792e+03   5.9418526e-24
   9.5791530e+03   5.9601115e-24
   9.6086171e+03   5.9784266e-24
   9.6381718e+03   5.9967981e-24
   9.6678175e+03   6.0152261e-24
   9.6975543e+03   6.0337109e-24
   9.7273826e+03   6.0522526e-24
   9.7573027e+03   6.0708514e-24
   9.7873147e+03   6.0895074e-24
   9.8174191e+03   6.1082209e-24
   9.8476161e+03   6.1269920e-24
   9.8779060e+03   6.1458209e-24
   9.9082890e+03   6.1647077e-24
   9.9387655e+03   6.1836527e-24
   9.9693357e+03   6.2026560e-24
   1.0000000e+04   6.2217178e-24
