# https://granite.phys.s.u-tokyo.ac.jp/svn/LCGT/trunk/sensitivity/spectrum/BW2009_VRSED.dat
1.00231	6.54499e-16
1.00462	6.42553e-16
1.00693	6.30825e-16
1.00925	6.19311e-16
1.01158	6.08007e-16
1.01391	5.9691e-16
1.01625	5.86015e-16
1.01859	5.75319e-16
1.02094	5.64818e-16
1.02329	5.54509e-16
1.02565	5.44388e-16
1.02802	5.34452e-16
1.03039	5.24697e-16
1.03276	5.1512e-16
1.03514	5.05718e-16
1.03753	4.96488e-16
1.03992	4.87426e-16
1.04232	4.7853e-16
1.04472	4.69795e-16
1.04713	4.61221e-16
1.04954	4.52802e-16
1.05196	4.44538e-16
1.05439	4.36424e-16
1.05682	4.28459e-16
1.05925	4.20638e-16
1.0617	4.12961e-16
1.06414	4.05423e-16
1.0666	3.98024e-16
1.06905	3.90759e-16
1.07152	3.83627e-16
1.07399	3.76625e-16
1.07647	3.6975e-16
1.07895	3.63002e-16
1.08143	3.56376e-16
1.08393	3.49872e-16
1.08643	3.43486e-16
1.08893	3.37216e-16
1.09144	3.31062e-16
1.09396	3.25019e-16
1.09648	3.19087e-16
1.09901	3.13263e-16
1.10154	3.07545e-16
1.10408	3.01932e-16
1.10662	2.96421e-16
1.10917	2.91011e-16
1.11173	2.85699e-16
1.11429	2.80484e-16
1.11686	2.75365e-16
1.11944	2.70339e-16
1.12202	2.65405e-16
1.1246	2.60561e-16
1.1272	2.55805e-16
1.1298	2.51136e-16
1.1324	2.46552e-16
1.13501	2.42052e-16
1.13763	2.37634e-16
1.14025	2.33297e-16
1.14288	2.29039e-16
1.14551	2.24858e-16
1.14815	2.20754e-16
1.1508	2.16725e-16
1.15345	2.12769e-16
1.15611	2.08886e-16
1.15878	2.05073e-16
1.16145	2.0133e-16
1.16413	1.97655e-16
1.16681	1.94048e-16
1.1695	1.90506e-16
1.1722	1.87029e-16
1.1749	1.83615e-16
1.17761	1.80264e-16
1.18032	1.76974e-16
1.18304	1.73744e-16
1.18577	1.70572e-16
1.1885	1.67459e-16
1.19124	1.64403e-16
1.19399	1.61402e-16
1.19674	1.58456e-16
1.1995	1.55564e-16
1.20226	1.52725e-16
1.20504	1.49937e-16
1.20781	1.472e-16
1.2106	1.44514e-16
1.21339	1.41876e-16
1.21619	1.39286e-16
1.21899	1.36744e-16
1.2218	1.34248e-16
1.22462	1.31798e-16
1.22744	1.29392e-16
1.23027	1.27031e-16
1.2331	1.24712e-16
1.23595	1.22436e-16
1.2388	1.20201e-16
1.24165	1.18007e-16
1.24451	1.15853e-16
1.24738	1.13739e-16
1.25026	1.11663e-16
1.25314	1.09625e-16
1.25603	1.07624e-16
1.25893	1.0566e-16
1.26183	1.03731e-16
1.26474	1.01838e-16
1.26765	9.9979e-17
1.27057	9.81542e-17
1.2735	9.63627e-17
1.27644	9.46038e-17
1.27938	9.28771e-17
1.28233	9.11819e-17
1.28529	8.95177e-17
1.28825	8.78838e-17
1.29122	8.62797e-17
1.2942	8.4705e-17
1.29718	8.31589e-17
1.30017	8.16411e-17
1.30317	8.0151e-17
1.30617	7.86881e-17
1.30918	7.72518e-17
1.3122	7.58418e-17
1.31522	7.44576e-17
1.31826	7.30986e-17
1.3213	7.17644e-17
1.32434	7.04545e-17
1.32739	6.91686e-17
1.33045	6.79061e-17
1.33352	6.66667e-17
1.3366	6.54499e-17
1.33968	6.42553e-17
1.34276	6.30825e-17
1.34586	6.19311e-17
1.34896	6.08007e-17
1.35207	5.9691e-17
1.35519	5.86015e-17
1.35831	5.75319e-17
1.36144	5.64818e-17
1.36458	5.54509e-17
1.36773	5.44388e-17
1.37088	5.34452e-17
1.37404	5.24697e-17
1.37721	5.15121e-17
1.38038	5.05719e-17
1.38357	4.96488e-17
1.38676	4.87426e-17
1.38995	4.7853e-17
1.39316	4.69796e-17
1.39637	4.61221e-17
1.39959	4.52803e-17
1.40281	4.44538e-17
1.40605	4.36424e-17
1.40929	4.28459e-17
1.41254	4.20638e-17
1.41579	4.12961e-17
1.41906	4.05423e-17
1.42233	3.98024e-17
1.42561	3.90759e-17
1.42889	3.83627e-17
1.43219	3.76625e-17
1.43549	3.69751e-17
1.4388	3.63002e-17
1.44212	3.56376e-17
1.44544	3.49872e-17
1.44877	3.43486e-17
1.45211	3.37217e-17
1.45546	3.31062e-17
1.45881	3.25019e-17
1.46218	3.19087e-17
1.46555	3.13263e-17
1.46893	3.07545e-17
1.47231	3.01932e-17
1.47571	2.96421e-17
1.47911	2.91011e-17
1.48252	2.85699e-17
1.48594	2.80485e-17
1.48936	2.75365e-17
1.49279	2.70339e-17
1.49624	2.65405e-17
1.49968	2.60561e-17
1.50314	2.55805e-17
1.50661	2.51136e-17
1.51008	2.46552e-17
1.51356	2.42052e-17
1.51705	2.37634e-17
1.52055	2.33297e-17
1.52405	2.29039e-17
1.52757	2.24858e-17
1.53109	2.20754e-17
1.53462	2.16725e-17
1.53815	2.12769e-17
1.5417	2.08886e-17
1.54525	2.05073e-17
1.54882	2.0133e-17
1.55239	1.97656e-17
1.55597	1.94048e-17
1.55955	1.90506e-17
1.56315	1.87029e-17
1.56675	1.83615e-17
1.57036	1.80264e-17
1.57398	1.76974e-17
1.57761	1.73744e-17
1.58125	1.70573e-17
1.58489	1.67459e-17
1.58855	1.64403e-17
1.59221	1.61402e-17
1.59588	1.58456e-17
1.59956	1.55564e-17
1.60325	1.52725e-17
1.60694	1.49937e-17
1.61065	1.472e-17
1.61436	1.44514e-17
1.61808	1.41876e-17
1.62181	1.39287e-17
1.62555	1.36744e-17
1.6293	1.34248e-17
1.63305	1.31798e-17
1.63682	1.29393e-17
1.64059	1.27031e-17
1.64437	1.24712e-17
1.64816	1.22436e-17
1.65196	1.20201e-17
1.65577	1.18007e-17
1.65959	1.15854e-17
1.66341	1.13739e-17
1.66725	1.11663e-17
1.67109	1.09625e-17
1.67494	1.07624e-17
1.6788	1.0566e-17
1.68267	1.03731e-17
1.68655	1.01838e-17
1.69044	9.99791e-18
1.69434	9.81543e-18
1.69824	9.63628e-18
1.70216	9.4604e-18
1.70608	9.28773e-18
1.71002	9.11821e-18
1.71396	8.95178e-18
1.71791	8.78839e-18
1.72187	8.62799e-18
1.72584	8.47051e-18
1.72982	8.31591e-18
1.7338	8.16412e-18
1.7378	8.01511e-18
1.74181	7.86882e-18
1.74582	7.7252e-18
1.74985	7.5842e-18
1.75388	7.44577e-18
1.75792	7.30987e-18
1.76198	7.17645e-18
1.76604	7.04547e-18
1.77011	6.91687e-18
1.77419	6.79063e-18
1.77828	6.66668e-18
1.78238	6.545e-18
1.78649	6.42554e-18
1.79061	6.30827e-18
1.79473	6.19313e-18
1.79887	6.08009e-18
1.80302	5.96912e-18
1.80717	5.86017e-18
1.81134	5.75321e-18
1.81552	5.6482e-18
1.8197	5.54511e-18
1.8239	5.4439e-18
1.8281	5.34454e-18
1.83231	5.24699e-18
1.83654	5.15122e-18
1.84077	5.0572e-18
1.84502	4.9649e-18
1.84927	4.87428e-18
1.85353	4.78531e-18
1.8578	4.69797e-18
1.86209	4.61223e-18
1.86638	4.52804e-18
1.87068	4.4454e-18
1.87499	4.36426e-18
1.87932	4.28461e-18
1.88365	4.2064e-18
1.88799	4.12963e-18
1.89234	4.05425e-18
1.89671	3.98026e-18
1.90108	3.90761e-18
1.90546	3.83629e-18
1.90985	3.76627e-18
1.91426	3.69753e-18
1.91867	3.63004e-18
1.92309	3.56378e-18
1.92752	3.49874e-18
1.93197	3.43488e-18
1.93642	3.37219e-18
1.94089	3.31064e-18
1.94536	3.25021e-18
1.94984	3.19089e-18
1.95434	3.13265e-18
1.95884	3.07547e-18
1.96336	3.01934e-18
1.96789	2.96423e-18
1.97242	2.91013e-18
1.97697	2.85701e-18
1.98153	2.80487e-18
1.98609	2.75367e-18
1.99067	2.70341e-18
1.99526	2.65407e-18
1.99986	2.60563e-18
2.00447	2.55807e-18
2.00909	2.51138e-18
2.01372	2.46555e-18
2.01837	2.42054e-18
2.02302	2.37637e-18
2.02768	2.33299e-18
2.03236	2.29041e-18
2.03704	2.24861e-18
2.04174	2.20757e-18
2.04644	2.16727e-18
2.05116	2.12772e-18
2.05589	2.08888e-18
2.06063	2.05076e-18
2.06538	2.01333e-18
2.07014	1.97658e-18
2.07491	1.9405e-18
2.0797	1.90509e-18
2.08449	1.87032e-18
2.0893	1.83618e-18
2.09411	1.80267e-18
2.09894	1.76976e-18
2.10378	1.73746e-18
2.10863	1.70575e-18
2.11349	1.67462e-18
2.11836	1.64405e-18
2.12324	1.61405e-18
2.12814	1.58459e-18
2.13304	1.55567e-18
2.13796	1.52727e-18
2.14289	1.4994e-18
2.14783	1.47203e-18
2.15278	1.44517e-18
2.15774	1.41879e-18
2.16272	1.39289e-18
2.1677	1.36747e-18
2.1727	1.34251e-18
2.17771	1.31801e-18
2.18273	1.29395e-18
2.18776	1.27034e-18
2.1928	1.24715e-18
2.19786	1.22439e-18
2.20293	1.20204e-18
2.208	1.1801e-18
2.21309	1.15857e-18
2.2182	1.13742e-18
2.22331	1.11666e-18
2.22844	1.09628e-18
2.23357	1.07627e-18
2.23872	1.05663e-18
2.24388	1.03734e-18
2.24905	1.01841e-18
2.25424	9.99823e-19
2.25944	9.81575e-19
2.26464	9.6366e-19
2.26986	9.46072e-19
2.2751	9.28805e-19
2.28034	9.11854e-19
2.2856	8.95211e-19
2.29087	8.78873e-19
2.29615	8.62832e-19
2.30144	8.47085e-19
2.30675	8.31624e-19
2.31206	8.16447e-19
2.31739	8.01546e-19
2.32274	7.86917e-19
2.32809	7.72555e-19
2.33346	7.58455e-19
2.33884	7.44612e-19
2.34423	7.31023e-19
2.34963	7.17681e-19
2.35505	7.04583e-19
2.36048	6.91724e-19
2.36592	6.79099e-19
2.37137	6.66705e-19
2.37684	6.54537e-19
2.38232	6.42592e-19
2.38781	6.30864e-19
2.39332	6.19351e-19
2.39883	6.08047e-19
2.40436	5.9695e-19
2.40991	5.86055e-19
2.41546	5.7536e-19
2.42103	5.64859e-19
2.42661	5.5455e-19
2.4322	5.4443e-19
2.43781	5.34494e-19
2.44343	5.24739e-19
2.44906	5.15163e-19
2.45471	5.05761e-19
2.46037	4.96531e-19
2.46604	4.87469e-19
2.47172	4.78573e-19
2.47742	4.69839e-19
2.48313	4.61265e-19
2.48886	4.52847e-19
2.49459	4.44583e-19
2.50035	4.36469e-19
2.50611	4.28504e-19
2.51189	4.20684e-19
2.51768	4.13007e-19
2.52348	4.0547e-19
2.5293	3.9807e-19
2.53513	3.90806e-19
2.54097	3.83674e-19
2.54683	3.76673e-19
2.5527	3.69799e-19
2.55859	3.6305e-19
2.56448	3.56425e-19
2.5704	3.49921e-19
2.57632	3.43535e-19
2.58226	3.37266e-19
2.58821	3.31112e-19
2.59418	3.2507e-19
2.60016	3.19138e-19
2.60615	3.13314e-19
2.61216	3.07597e-19
2.61818	3.01984e-19
2.62422	2.96473e-19
2.63027	2.91063e-19
2.63633	2.85752e-19
2.64241	2.80538e-19
2.6485	2.75419e-19
2.65461	2.70394e-19
2.66073	2.6546e-19
2.66686	2.60616e-19
2.67301	2.55861e-19
2.67917	2.51192e-19
2.68534	2.46609e-19
2.69153	2.42109e-19
2.69774	2.37691e-19
2.70396	2.33355e-19
2.71019	2.29097e-19
2.71644	2.24917e-19
2.7227	2.20813e-19
2.72898	2.16784e-19
2.73527	2.12829e-19
2.74157	2.08946e-19
2.74789	2.05134e-19
2.75423	2.01391e-19
2.76058	1.97717e-19
2.76694	1.9411e-19
2.77332	1.90569e-19
2.77971	1.87092e-19
2.78612	1.83679e-19
2.79254	1.80328e-19
2.79898	1.77038e-19
2.80543	1.73809e-19
2.8119	1.70638e-19
2.81838	1.67525e-19
2.82488	1.64469e-19
2.83139	1.61469e-19
2.83792	1.58523e-19
2.84446	1.55632e-19
2.85102	1.52793e-19
2.85759	1.50006e-19
2.86418	1.4727e-19
2.87078	1.44584e-19
2.8774	1.41946e-19
2.88403	1.39357e-19
2.89068	1.36816e-19
2.89734	1.3432e-19
2.90402	1.31871e-19
2.91072	1.29466e-19
2.91743	1.27104e-19
2.92415	1.24786e-19
2.93089	1.22511e-19
2.93765	1.20277e-19
2.94442	1.18083e-19
2.95121	1.1593e-19
2.95801	1.13816e-19
2.96483	1.11741e-19
2.97167	1.09703e-19
2.97852	1.07703e-19
2.98538	1.05739e-19
2.99226	1.03811e-19
2.99916	1.01918e-19
3.00608	1.0006e-19
3.01301	9.82361e-20
3.01995	9.64452e-20
3.02691	9.4687e-20
3.03389	9.2961e-20
3.04089	9.12664e-20
3.04789	8.96028e-20
3.05492	8.79695e-20
3.06196	8.63661e-20
3.06902	8.4792e-20
3.0761	8.32466e-20
3.08319	8.17295e-20
3.0903	8.02401e-20
3.09742	7.87778e-20
3.10456	7.73423e-20
3.11172	7.5933e-20
3.11889	7.45494e-20
3.12608	7.31911e-20
3.13329	7.18576e-20
3.14051	7.05485e-20
3.14775	6.92633e-20
3.155	6.80015e-20
3.16228	6.67628e-20
3.16957	6.55468e-20
3.17687	6.43529e-20
3.1842	6.31809e-20
3.19154	6.20302e-20
3.1989	6.09006e-20
3.20627	5.97917e-20
3.21366	5.8703e-20
3.22107	5.76342e-20
3.22849	5.65849e-20
3.23594	5.55548e-20
3.2434	5.45435e-20
3.25087	5.35507e-20
3.25837	5.2576e-20
3.26588	5.16191e-20
3.27341	5.06798e-20
3.28095	4.97576e-20
3.28852	4.88522e-20
3.2961	4.79634e-20
3.3037	4.70908e-20
3.31131	4.62342e-20
3.31894	4.53933e-20
3.3266	4.45677e-20
3.33426	4.37572e-20
3.34195	4.29615e-20
3.34965	4.21804e-20
3.35738	4.14136e-20
3.36512	4.06607e-20
3.37287	3.99217e-20
3.38065	3.91961e-20
3.38844	3.84839e-20
3.39625	3.77846e-20
3.40408	3.70981e-20
3.41193	3.64242e-20
3.41979	3.57627e-20
3.42768	3.51132e-20
3.43558	3.44756e-20
3.4435	3.38496e-20
3.45144	3.32351e-20
3.45939	3.26319e-20
3.46737	3.20397e-20
3.47536	3.14583e-20
3.48337	3.08876e-20
3.4914	3.03273e-20
3.49945	2.97772e-20
3.50752	2.92373e-20
3.5156	2.87072e-20
3.52371	2.81868e-20
3.53183	2.76759e-20
3.53997	2.71744e-20
3.54813	2.66821e-20
3.55631	2.61988e-20
3.56451	2.57243e-20
3.57273	2.52586e-20
3.58096	2.48013e-20
3.58922	2.43525e-20
3.59749	2.39118e-20
3.60579	2.34793e-20
3.6141	2.30546e-20
3.62243	2.26378e-20
3.63078	2.22285e-20
3.63915	2.18268e-20
3.64754	2.14325e-20
3.65595	2.10453e-20
3.66438	2.06653e-20
3.67282	2.02923e-20
3.68129	1.9926e-20
3.68978	1.95665e-20
3.69828	1.92136e-20
3.70681	1.88672e-20
3.71535	1.85271e-20
3.72392	1.81933e-20
3.7325	1.78656e-20
3.74111	1.75439e-20
3.74973	1.72281e-20
3.75837	1.69181e-20
3.76704	1.66138e-20
3.77572	1.63151e-20
3.78443	1.60219e-20
3.79315	1.57341e-20
3.80189	1.54515e-20
3.81066	1.51742e-20
3.81944	1.49019e-20
3.82825	1.46347e-20
3.83707	1.43724e-20
3.84592	1.41149e-20
3.85478	1.38621e-20
3.86367	1.3614e-20
3.87258	1.33705e-20
3.8815	1.31314e-20
3.89045	1.28967e-20
3.89942	1.26664e-20
3.90841	1.24403e-20
3.91742	1.22184e-20
3.92645	1.20005e-20
3.9355	1.17867e-20
3.94457	1.15768e-20
3.95367	1.13708e-20
3.96278	1.11686e-20
3.97192	1.09701e-20
3.98107	1.07753e-20
3.99025	1.05841e-20
3.99945	1.03964e-20
4.00867	1.02122e-20
4.01791	1.00314e-20
4.02717	9.85392e-21
4.03645	9.67973e-21
4.04576	9.50876e-21
4.05509	9.34096e-21
4.06443	9.17627e-21
4.0738	9.01462e-21
4.08319	8.85597e-21
4.09261	8.70026e-21
4.10204	8.54744e-21
4.1115	8.39745e-21
4.12098	8.25024e-21
4.13048	8.10577e-21
4.14	7.96398e-21
4.14954	7.82482e-21
4.15911	7.68825e-21
4.16869	7.55421e-21
4.1783	7.42267e-21
4.18794	7.29358e-21
4.19759	7.16689e-21
4.20727	7.04255e-21
4.21697	6.92054e-21
4.22669	6.8008e-21
4.23643	6.68329e-21
4.2462	6.56798e-21
4.25598	6.45482e-21
4.2658	6.34377e-21
4.27563	6.2348e-21
4.28549	6.12786e-21
4.29536	6.02293e-21
4.30527	5.91996e-21
4.31519	5.81892e-21
4.32514	5.71977e-21
4.33511	5.62248e-21
4.3451	5.52702e-21
4.35512	5.43334e-21
4.36516	5.34143e-21
4.37522	5.25125e-21
4.38531	5.16276e-21
4.39542	5.07594e-21
4.40555	4.99075e-21
4.4157	4.90716e-21
4.42588	4.82516e-21
4.43609	4.7447e-21
4.44631	4.66576e-21
4.45656	4.58831e-21
4.46684	4.51232e-21
4.47713	4.43777e-21
4.48745	4.36464e-21
4.4978	4.29289e-21
4.50817	4.2225e-21
4.51856	4.15344e-21
4.52898	4.0857e-21
4.53942	4.01924e-21
4.54988	3.95405e-21
4.56037	3.8901e-21
4.57088	3.82737e-21
4.58142	3.76583e-21
4.59198	3.70546e-21
4.60257	3.64625e-21
4.61318	3.58817e-21
4.62381	3.5312e-21
4.63447	3.47531e-21
4.64515	3.4205e-21
4.65586	3.36674e-21
4.66659	3.31401e-21
4.67735	3.26229e-21
4.68813	3.21156e-21
4.69894	3.16181e-21
4.70977	3.11301e-21
4.72063	3.06515e-21
4.73151	3.01822e-21
4.74242	2.97219e-21
4.75335	2.92704e-21
4.76431	2.88277e-21
4.77529	2.83935e-21
4.7863	2.79677e-21
4.79733	2.75502e-21
4.80839	2.71407e-21
4.81948	2.67392e-21
4.83059	2.63454e-21
4.84172	2.59592e-21
4.85289	2.55806e-21
4.86407	2.52093e-21
4.87528	2.48452e-21
4.88652	2.44881e-21
4.89779	2.4138e-21
4.90908	2.37947e-21
4.9204	2.34581e-21
4.93174	2.3128e-21
4.94311	2.28044e-21
4.9545	2.2487e-21
4.96592	2.21759e-21
4.97737	2.18708e-21
4.98884	2.15716e-21
5.00035	2.12782e-21
5.01187	2.09906e-21
5.02343	2.07086e-21
5.03501	2.0432e-21
5.04661	2.01609e-21
5.05825	1.9895e-21
5.06991	1.96343e-21
5.08159	1.93787e-21
5.09331	1.91281e-21
5.10505	1.88823e-21
5.11682	1.86413e-21
5.12861	1.8405e-21
5.14044	1.81732e-21
5.15229	1.7946e-21
5.16416	1.77232e-21
5.17607	1.75047e-21
5.188	1.72904e-21
5.19996	1.70803e-21
5.21195	1.68742e-21
5.22396	1.66722e-21
5.236	1.6474e-21
5.24807	1.62796e-21
5.26017	1.6089e-21
5.2723	1.5902e-21
5.28445	1.57186e-21
5.29663	1.55387e-21
5.30884	1.53622e-21
5.32108	1.51892e-21
5.33335	1.50194e-21
5.34564	1.48528e-21
5.35797	1.46894e-21
5.37032	1.45291e-21
5.3827	1.43718e-21
5.39511	1.42174e-21
5.40754	1.4066e-21
5.42001	1.39174e-21
5.4325	1.37715e-21
5.44503	1.36284e-21
5.45758	1.34879e-21
5.47016	1.335e-21
5.48277	1.32147e-21
5.49541	1.30818e-21
5.50808	1.29514e-21
5.52077	1.28234e-21
5.5335	1.26976e-21
5.54626	1.25742e-21
5.55904	1.2453e-21
5.57186	1.23339e-21
5.5847	1.2217e-21
5.59758	1.21021e-21
5.61048	1.19893e-21
5.62341	1.18785e-21
5.63638	1.17696e-21
5.64937	1.16626e-21
5.66239	1.15575e-21
5.67545	1.14541e-21
5.68853	1.13526e-21
5.70164	1.12528e-21
5.71479	1.11546e-21
5.72796	1.10582e-21
5.74116	1.09633e-21
5.7544	1.087e-21
5.76766	1.07783e-21
5.78096	1.06881e-21
5.79429	1.05993e-21
5.80764	1.0512e-21
5.82103	1.04261e-21
5.83445	1.03416e-21
5.8479	1.02584e-21
5.86138	1.01766e-21
5.87489	1.0096e-21
5.88844	1.00167e-21
5.90201	9.93857e-22
5.91562	9.86167e-22
5.92925	9.78594e-22
5.94292	9.71136e-22
5.95662	9.63789e-22
5.97035	9.56551e-22
5.98412	9.4942e-22
5.99791	9.42393e-22
6.01174	9.35468e-22
6.0256	9.28643e-22
6.03949	9.21915e-22
6.05341	9.15282e-22
6.06736	9.08742e-22
6.08135	9.02292e-22
6.09537	8.95932e-22
6.10942	8.89658e-22
6.1235	8.83469e-22
6.13762	8.77363e-22
6.15177	8.71338e-22
6.16595	8.65392e-22
6.18016	8.59523e-22
6.19441	8.53731e-22
6.20869	8.48012e-22
6.223	8.42365e-22
6.23735	8.3679e-22
6.25173	8.31284e-22
6.26614	8.25845e-22
6.28058	8.20473e-22
6.29506	8.15165e-22
6.30957	8.09921e-22
6.32412	8.04739e-22
6.3387	7.99617e-22
6.35331	7.94555e-22
6.36796	7.89551e-22
6.38263	7.84604e-22
6.39735	7.79712e-22
6.4121	7.74875e-22
6.42688	7.70092e-22
6.44169	7.6536e-22
6.45654	7.6068e-22
6.47143	7.5605e-22
6.48634	7.51469e-22
6.5013	7.46936e-22
6.51628	7.4245e-22
6.53131	7.3801e-22
6.54636	7.33615e-22
6.56145	7.29265e-22
6.57658	7.24958e-22
6.59174	7.20694e-22
6.60693	7.16471e-22
6.62217	7.12289e-22
6.63743	7.08148e-22
6.65273	7.04046e-22
6.66807	6.99982e-22
6.68344	6.95956e-22
6.69885	6.91968e-22
6.71429	6.88016e-22
6.72977	6.84099e-22
6.74528	6.80218e-22
6.76083	6.76372e-22
6.77642	6.72559e-22
6.79204	6.6878e-22
6.80769	6.65033e-22
6.82339	6.61318e-22
6.83912	6.57635e-22
6.85488	6.53983e-22
6.87068	6.50361e-22
6.88652	6.46769e-22
6.9024	6.43207e-22
6.91831	6.39674e-22
6.93426	6.36169e-22
6.95024	6.32692e-22
6.96627	6.29243e-22
6.98232	6.2582e-22
6.99842	6.22425e-22
7.01455	6.19055e-22
7.03072	6.15712e-22
7.04693	6.12394e-22
7.06318	6.09101e-22
7.07946	6.05832e-22
7.09578	6.02588e-22
7.11214	5.99368e-22
7.12853	5.96171e-22
7.14496	5.92997e-22
7.16143	5.89847e-22
7.17794	5.86719e-22
7.19449	5.83613e-22
7.21107	5.80529e-22
7.2277	5.77467e-22
7.24436	5.74426e-22
7.26106	5.71406e-22
7.2778	5.68406e-22
7.29458	5.65428e-22
7.31139	5.62469e-22
7.32825	5.5953e-22
7.34514	5.56611e-22
7.36207	5.53712e-22
7.37904	5.50832e-22
7.39605	5.4797e-22
7.4131	5.45127e-22
7.43019	5.42303e-22
7.44732	5.39497e-22
7.46449	5.36709e-22
7.4817	5.33939e-22
7.49894	5.31186e-22
7.51623	5.28451e-22
7.53356	5.25733e-22
7.55092	5.23032e-22
7.56833	5.20348e-22
7.58578	5.1768e-22
7.60326	5.15029e-22
7.62079	5.12394e-22
7.63836	5.09775e-22
7.65597	5.07173e-22
7.67361	5.04586e-22
7.6913	5.02014e-22
7.70903	4.99458e-22
7.72681	4.96917e-22
7.74462	4.94391e-22
7.76247	4.91881e-22
7.78037	4.89385e-22
7.7983	4.86903e-22
7.81628	4.84437e-22
7.8343	4.81984e-22
7.85236	4.79546e-22
7.87046	4.77122e-22
7.8886	4.74712e-22
7.90679	4.72316e-22
7.92501	4.69934e-22
7.94328	4.67565e-22
7.96159	4.65209e-22
7.97995	4.62867e-22
7.99834	4.60539e-22
8.01678	4.58223e-22
8.03526	4.55921e-22
8.05378	4.53631e-22
8.07235	4.51354e-22
8.09096	4.4909e-22
8.10961	4.46838e-22
8.12831	4.44599e-22
8.14704	4.42372e-22
8.16582	4.40158e-22
8.18465	4.37955e-22
8.20352	4.35765e-22
8.22243	4.33587e-22
8.24138	4.3142e-22
8.26038	4.29266e-22
8.27942	4.27123e-22
8.29851	4.24992e-22
8.31764	4.22872e-22
8.33681	4.20763e-22
8.35603	4.18666e-22
8.37529	4.16581e-22
8.3946	4.14506e-22
8.41395	4.12443e-22
8.43335	4.10391e-22
8.45279	4.08349e-22
8.47227	4.06319e-22
8.4918	4.04299e-22
8.51138	4.0229e-22
8.531	4.00291e-22
8.55067	3.98303e-22
8.57038	3.96326e-22
8.59014	3.94359e-22
8.60994	3.92402e-22
8.62979	3.90456e-22
8.64968	3.8852e-22
8.66962	3.86594e-22
8.6896	3.84678e-22
8.70964	3.82772e-22
8.72971	3.80876e-22
8.74984	3.7899e-22
8.77001	3.77114e-22
8.79023	3.75247e-22
8.81049	3.73391e-22
8.8308	3.71543e-22
8.85116	3.69706e-22
8.87156	3.67877e-22
8.89201	3.66059e-22
8.91251	3.64249e-22
8.93305	3.62449e-22
8.95365	3.60659e-22
8.97429	3.58877e-22
8.99498	3.57105e-22
9.01571	3.55341e-22
9.03649	3.53587e-22
9.05733	3.51842e-22
9.07821	3.50105e-22
9.09913	3.48378e-22
9.12011	3.46659e-22
9.14113	3.44949e-22
9.1622	3.43248e-22
9.18333	3.41555e-22
9.2045	3.39872e-22
9.22571	3.38196e-22
9.24698	3.36529e-22
9.2683	3.34871e-22
9.28966	3.33221e-22
9.31108	3.31579e-22
9.33254	3.29946e-22
9.35406	3.28321e-22
9.37562	3.26704e-22
9.39723	3.25096e-22
9.4189	3.23495e-22
9.44061	3.21903e-22
9.46237	3.20318e-22
9.48418	3.18742e-22
9.50605	3.17173e-22
9.52796	3.15613e-22
9.54993	3.1406e-22
9.57194	3.12515e-22
9.59401	3.10978e-22
9.61612	3.09448e-22
9.63829	3.07927e-22
9.66051	3.06413e-22
9.68278	3.04906e-22
9.7051	3.03407e-22
9.72747	3.01916e-22
9.7499	3.00432e-22
9.77237	2.98955e-22
9.7949	2.97486e-22
9.81748	2.96024e-22
9.84011	2.94569e-22
9.86279	2.93122e-22
9.88553	2.91682e-22
9.90832	2.90249e-22
9.93116	2.88824e-22
9.95405	2.87405e-22
9.977	2.85993e-22
10	2.84589e-22
10.0231	2.83191e-22
10.0462	2.81801e-22
10.0693	2.80417e-22
10.0925	2.79041e-22
10.1158	2.77671e-22
10.1391	2.76308e-22
10.1625	2.74951e-22
10.1859	2.73602e-22
10.2094	2.72259e-22
10.2329	2.70923e-22
10.2565	2.69593e-22
10.2802	2.6827e-22
10.3039	2.66954e-22
10.3276	2.65644e-22
10.3514	2.6434e-22
10.3753	2.63044e-22
10.3992	2.61753e-22
10.4232	2.60469e-22
10.4472	2.59191e-22
10.4713	2.5792e-22
10.4954	2.56655e-22
10.5196	2.55396e-22
10.5439	2.54143e-22
10.5682	2.52897e-22
10.5925	2.51656e-22
10.617	2.50422e-22
10.6414	2.49194e-22
10.666	2.47972e-22
10.6905	2.46756e-22
10.7152	2.45546e-22
10.7399	2.44342e-22
10.7647	2.43144e-22
10.7895	2.41952e-22
10.8143	2.40766e-22
10.8393	2.39585e-22
10.8643	2.38411e-22
10.8893	2.37242e-22
10.9144	2.36079e-22
10.9396	2.34921e-22
10.9648	2.3377e-22
10.9901	2.32624e-22
11.0154	2.31483e-22
11.0408	2.30349e-22
11.0662	2.2922e-22
11.0917	2.28096e-22
11.1173	2.26978e-22
11.1429	2.25865e-22
11.1686	2.24758e-22
11.1944	2.23657e-22
11.2202	2.2256e-22
11.246	2.2147e-22
11.272	2.20384e-22
11.298	2.19304e-22
11.324	2.18229e-22
11.3501	2.1716e-22
11.3763	2.16095e-22
11.4025	2.15036e-22
11.4288	2.13982e-22
11.4551	2.12934e-22
11.4815	2.1189e-22
11.508	2.10852e-22
11.5345	2.09818e-22
11.5611	2.0879e-22
11.5878	2.07767e-22
11.6145	2.06748e-22
11.6413	2.05735e-22
11.6681	2.04727e-22
11.695	2.03723e-22
11.722	2.02725e-22
11.749	2.01731e-22
11.7761	2.00743e-22
11.8032	1.99759e-22
11.8304	1.9878e-22
11.8577	1.97806e-22
11.885	1.96836e-22
11.9124	1.95872e-22
11.9399	1.94912e-22
11.9674	1.93956e-22
11.995	1.93006e-22
12.0226	1.9206e-22
12.0504	1.91118e-22
12.0781	1.90182e-22
12.106	1.89249e-22
12.1339	1.88322e-22
12.1619	1.87399e-22
12.1899	1.8648e-22
12.218	1.85566e-22
12.2462	1.84656e-22
12.2744	1.83751e-22
12.3027	1.8285e-22
12.331	1.81954e-22
12.3595	1.81062e-22
12.388	1.80174e-22
12.4165	1.79291e-22
12.4451	1.78412e-22
12.4738	1.77537e-22
12.5026	1.76667e-22
12.5314	1.75801e-22
12.5603	1.74939e-22
12.5893	1.74081e-22
12.6183	1.73228e-22
12.6474	1.72378e-22
12.6765	1.71533e-22
12.7057	1.70692e-22
12.735	1.69855e-22
12.7644	1.69022e-22
12.7938	1.68193e-22
12.8233	1.67368e-22
12.8529	1.66547e-22
12.8825	1.6573e-22
12.9122	1.64917e-22
12.942	1.64108e-22
12.9718	1.63303e-22
13.0017	1.62502e-22
13.0317	1.61705e-22
13.0617	1.60912e-22
13.0918	1.60122e-22
13.122	1.59337e-22
13.1522	1.58555e-22
13.1826	1.57777e-22
13.213	1.57003e-22
13.2434	1.56233e-22
13.2739	1.55466e-22
13.3045	1.54703e-22
13.3352	1.53944e-22
13.366	1.53188e-22
13.3968	1.52436e-22
13.4276	1.51688e-22
13.4586	1.50944e-22
13.4896	1.50203e-22
13.5207	1.49465e-22
13.5519	1.48732e-22
13.5831	1.48001e-22
13.6144	1.47275e-22
13.6458	1.46552e-22
13.6773	1.45832e-22
13.7088	1.45116e-22
13.7404	1.44403e-22
13.7721	1.43694e-22
13.8038	1.42988e-22
13.8357	1.42286e-22
13.8676	1.41587e-22
13.8995	1.40892e-22
13.9316	1.40199e-22
13.9637	1.39511e-22
13.9959	1.38825e-22
14.0281	1.38143e-22
14.0605	1.37464e-22
14.0929	1.36789e-22
14.1254	1.36117e-22
14.1579	1.35448e-22
14.1906	1.34782e-22
14.2233	1.34119e-22
14.2561	1.3346e-22
14.2889	1.32804e-22
14.3219	1.32151e-22
14.3549	1.31501e-22
14.388	1.30855e-22
14.4212	1.30211e-22
14.4544	1.29571e-22
14.4877	1.28934e-22
14.5211	1.28299e-22
14.5546	1.27668e-22
14.5881	1.2704e-22
14.6218	1.26415e-22
14.6555	1.25793e-22
14.6893	1.25174e-22
14.7231	1.24558e-22
14.7571	1.23945e-22
14.7911	1.23335e-22
14.8252	1.22728e-22
14.8594	1.22124e-22
14.8936	1.21523e-22
14.9279	1.20925e-22
14.9624	1.20329e-22
14.9968	1.19737e-22
15.0314	1.19147e-22
15.0661	1.1856e-22
15.1008	1.17976e-22
15.1356	1.17395e-22
15.1705	1.16817e-22
15.2055	1.16242e-22
15.2405	1.15669e-22
15.2757	1.15099e-22
15.3109	1.14532e-22
15.3462	1.13967e-22
15.3815	1.13405e-22
15.417	1.12846e-22
15.4525	1.1229e-22
15.4882	1.11736e-22
15.5239	1.11185e-22
15.5597	1.10637e-22
15.5955	1.10091e-22
15.6315	1.09548e-22
15.6675	1.09008e-22
15.7036	1.0847e-22
15.7398	1.07935e-22
15.7761	1.07402e-22
15.8125	1.06872e-22
15.8489	1.06345e-22
15.8855	1.0582e-22
15.9221	1.05298e-22
15.9588	1.04778e-22
15.9956	1.0426e-22
16.0325	1.03745e-22
16.0694	1.03233e-22
16.1065	1.02723e-22
16.1436	1.02216e-22
16.1808	1.01711e-22
16.2181	1.01208e-22
16.2555	1.00708e-22
16.293	1.0021e-22
16.3305	9.9715e-23
16.3682	9.9222e-23
16.4059	9.87315e-23
16.4437	9.82433e-23
16.4816	9.77574e-23
16.5196	9.72739e-23
16.5577	9.67927e-23
16.5959	9.63139e-23
16.6341	9.58374e-23
16.6725	9.53631e-23
16.7109	9.48911e-23
16.7494	9.44215e-23
16.788	9.3954e-23
16.8267	9.34889e-23
16.8655	9.30259e-23
16.9044	9.25652e-23
16.9434	9.21068e-23
16.9824	9.16505e-23
17.0216	9.11964e-23
17.0608	9.07445e-23
17.1002	9.02948e-23
17.1396	8.98473e-23
17.1791	8.94019e-23
17.2187	8.89586e-23
17.2584	8.85175e-23
17.2982	8.80785e-23
17.338	8.76417e-23
17.378	8.72069e-23
17.4181	8.67742e-23
17.4582	8.63436e-23
17.4985	8.59151e-23
17.5388	8.54886e-23
17.5792	8.50642e-23
17.6198	8.46419e-23
17.6604	8.42215e-23
17.7011	8.38032e-23
17.7419	8.33869e-23
17.7828	8.29726e-23
17.8238	8.25603e-23
17.8649	8.215e-23
17.9061	8.17417e-23
17.9473	8.13353e-23
17.9887	8.09309e-23
18.0302	8.05284e-23
18.0717	8.01278e-23
18.1134	7.97292e-23
18.1552	7.93325e-23
18.197	7.89377e-23
18.239	7.85448e-23
18.281	7.81538e-23
18.3231	7.77647e-23
18.3654	7.73774e-23
18.4077	7.6992e-23
18.4502	7.66085e-23
18.4927	7.62268e-23
18.5353	7.58469e-23
18.578	7.54688e-23
18.6209	7.50926e-23
18.6638	7.47182e-23
18.7068	7.43456e-23
18.7499	7.39747e-23
18.7932	7.36057e-23
18.8365	7.32384e-23
18.8799	7.28729e-23
18.9234	7.25092e-23
18.9671	7.21472e-23
19.0108	7.17869e-23
19.0546	7.14283e-23
19.0985	7.10715e-23
19.1426	7.07164e-23
19.1867	7.0363e-23
19.2309	7.00113e-23
19.2752	6.96613e-23
19.3197	6.9313e-23
19.3642	6.89663e-23
19.4089	6.86213e-23
19.4536	6.8278e-23
19.4984	6.79363e-23
19.5434	6.75962e-23
19.5884	6.72578e-23
19.6336	6.6921e-23
19.6789	6.65859e-23
19.7242	6.62523e-23
19.7697	6.59203e-23
19.8153	6.55899e-23
19.8609	6.52612e-23
19.9067	6.49339e-23
19.9526	6.46083e-23
19.9986	6.42842e-23
20.0447	6.39617e-23
20.0909	6.36407e-23
20.1372	6.33213e-23
20.1837	6.30034e-23
20.2302	6.2687e-23
20.2768	6.23721e-23
20.3236	6.20588e-23
20.3704	6.17469e-23
20.4174	6.14366e-23
20.4644	6.11277e-23
20.5116	6.08204e-23
20.5589	6.05144e-23
20.6063	6.021e-23
20.6538	5.9907e-23
20.7014	5.96055e-23
20.7491	5.93054e-23
20.797	5.90068e-23
20.8449	5.87096e-23
20.893	5.84138e-23
20.9411	5.81194e-23
20.9894	5.78265e-23
21.0378	5.75349e-23
21.0863	5.72448e-23
21.1349	5.6956e-23
21.1836	5.66686e-23
21.2324	5.63826e-23
21.2814	5.6098e-23
21.3304	5.58148e-23
21.3796	5.55328e-23
21.4289	5.52523e-23
21.4783	5.49731e-23
21.5278	5.46952e-23
21.5774	5.44187e-23
21.6272	5.41435e-23
21.677	5.38696e-23
21.727	5.3597e-23
21.7771	5.33257e-23
21.8273	5.30558e-23
21.8776	5.27871e-23
21.928	5.25197e-23
21.9786	5.22536e-23
22.0293	5.19888e-23
22.08	5.17252e-23
22.1309	5.14629e-23
22.182	5.12019e-23
22.2331	5.09421e-23
22.2844	5.06835e-23
22.3357	5.04262e-23
22.3872	5.01701e-23
22.4388	4.99153e-23
22.4905	4.96617e-23
22.5424	4.94093e-23
22.5944	4.91581e-23
22.6464	4.89081e-23
22.6986	4.86593e-23
22.751	4.84117e-23
22.8034	4.81653e-23
22.856	4.792e-23
22.9087	4.7676e-23
22.9615	4.74331e-23
23.0144	4.71913e-23
23.0675	4.69508e-23
23.1206	4.67114e-23
23.1739	4.64731e-23
23.2274	4.6236e-23
23.2809	4.6e-23
23.3346	4.57651e-23
23.3884	4.55314e-23
23.4423	4.52988e-23
23.4963	4.50673e-23
23.5505	4.48369e-23
23.6048	4.46076e-23
23.6592	4.43794e-23
23.7137	4.41523e-23
23.7684	4.39263e-23
23.8232	4.37014e-23
23.8781	4.34776e-23
23.9332	4.32548e-23
23.9883	4.30331e-23
24.0436	4.28125e-23
24.0991	4.25929e-23
24.1546	4.23744e-23
24.2103	4.21569e-23
24.2661	4.19405e-23
24.322	4.17251e-23
24.3781	4.15107e-23
24.4343	4.12974e-23
24.4906	4.10851e-23
24.5471	4.08738e-23
24.6037	4.06635e-23
24.6604	4.04542e-23
24.7172	4.0246e-23
24.7742	4.00387e-23
24.8313	3.98324e-23
24.8886	3.96271e-23
24.9459	3.94228e-23
25.0035	3.92195e-23
25.0611	3.90172e-23
25.1189	3.88158e-23
25.1768	3.86154e-23
25.2348	3.84159e-23
25.293	3.82175e-23
25.3513	3.80199e-23
25.4097	3.78233e-23
25.4683	3.76277e-23
25.527	3.7433e-23
25.5859	3.72392e-23
25.6448	3.70464e-23
25.704	3.68544e-23
25.7632	3.66634e-23
25.8226	3.64734e-23
25.8821	3.62842e-23
25.9418	3.60959e-23
26.0016	3.59086e-23
26.0615	3.57221e-23
26.1216	3.55366e-23
26.1818	3.53519e-23
26.2422	3.51681e-23
26.3027	3.49852e-23
26.3633	3.48032e-23
26.4241	3.46221e-23
26.485	3.44418e-23
26.5461	3.42624e-23
26.6073	3.40838e-23
26.6686	3.39061e-23
26.7301	3.37293e-23
26.7917	3.35533e-23
26.8534	3.33782e-23
26.9153	3.32039e-23
26.9774	3.30304e-23
27.0396	3.28578e-23
27.1019	3.2686e-23
27.1644	3.2515e-23
27.227	3.23449e-23
27.2898	3.21756e-23
27.3527	3.20071e-23
27.4157	3.18394e-23
27.4789	3.16725e-23
27.5423	3.15064e-23
27.6058	3.13411e-23
27.6694	3.11766e-23
27.7332	3.10129e-23
27.7971	3.085e-23
27.8612	3.06878e-23
27.9254	3.05265e-23
27.9898	3.03659e-23
28.0543	3.02061e-23
28.119	3.00471e-23
28.1838	2.98888e-23
28.2488	2.97313e-23
28.3139	2.95745e-23
28.3792	2.94185e-23
28.4446	2.92633e-23
28.5102	2.91088e-23
28.5759	2.89551e-23
28.6418	2.88021e-23
28.7078	2.86498e-23
28.774	2.84983e-23
28.8403	2.83475e-23
28.9068	2.81974e-23
28.9734	2.80481e-23
29.0402	2.78994e-23
29.1072	2.77515e-23
29.1743	2.76043e-23
29.2415	2.74578e-23
29.3089	2.73121e-23
29.3765	2.7167e-23
29.4442	2.70226e-23
29.5121	2.68789e-23
29.5801	2.6736e-23
29.6483	2.65937e-23
29.7167	2.64521e-23
29.7852	2.63111e-23
29.8538	2.61709e-23
29.9226	2.60314e-23
29.9916	2.58925e-23
30.0608	2.57543e-23
30.1301	2.56167e-23
30.1995	2.54798e-23
30.2691	2.53436e-23
30.3389	2.52081e-23
30.4089	2.50732e-23
30.4789	2.49389e-23
30.5492	2.48054e-23
30.6196	2.46724e-23
30.6902	2.45401e-23
30.761	2.44085e-23
30.8319	2.42774e-23
30.903	2.4147e-23
30.9742	2.40173e-23
31.0456	2.38882e-23
31.1172	2.37597e-23
31.1889	2.36318e-23
31.2608	2.35046e-23
31.3329	2.33779e-23
31.4051	2.32519e-23
31.4775	2.31265e-23
31.55	2.30017e-23
31.6228	2.28775e-23
31.6957	2.27539e-23
31.7687	2.2631e-23
31.842	2.25086e-23
31.9154	2.23868e-23
31.989	2.22656e-23
32.0627	2.2145e-23
32.1366	2.2025e-23
32.2107	2.19056e-23
32.2849	2.17867e-23
32.3594	2.16684e-23
32.434	2.15507e-23
32.5087	2.14336e-23
32.5837	2.13171e-23
32.6588	2.12011e-23
32.7341	2.10857e-23
32.8095	2.09709e-23
32.8852	2.08566e-23
32.961	2.07428e-23
33.037	2.06297e-23
33.1131	2.05171e-23
33.1894	2.0405e-23
33.266	2.02935e-23
33.3426	2.01825e-23
33.4195	2.00721e-23
33.4965	1.99622e-23
33.5738	1.98529e-23
33.6512	1.9744e-23
33.7287	1.96358e-23
33.8065	1.9528e-23
33.8844	1.94208e-23
33.9625	1.93141e-23
34.0408	1.9208e-23
34.1193	1.91023e-23
34.1979	1.89972e-23
34.2768	1.88926e-23
34.3558	1.87885e-23
34.435	1.86849e-23
34.5144	1.85819e-23
34.5939	1.84793e-23
34.6737	1.83773e-23
34.7536	1.82757e-23
34.8337	1.81747e-23
34.914	1.80741e-23
34.9945	1.79741e-23
35.0752	1.78745e-23
35.156	1.77754e-23
35.2371	1.76769e-23
35.3183	1.75788e-23
35.3997	1.74812e-23
35.4813	1.73841e-23
35.5631	1.72874e-23
35.6451	1.71913e-23
35.7273	1.70956e-23
35.8096	1.70004e-23
35.8922	1.69057e-23
35.9749	1.68114e-23
36.0579	1.67176e-23
36.141	1.66243e-23
36.2243	1.65314e-23
36.3078	1.6439e-23
36.3915	1.63471e-23
36.4754	1.62556e-23
36.5595	1.61646e-23
36.6438	1.6074e-23
36.7282	1.59839e-23
36.8129	1.58943e-23
36.8978	1.5805e-23
36.9828	1.57163e-23
37.0681	1.5628e-23
37.1535	1.55401e-23
37.2392	1.54526e-23
37.325	1.53656e-23
37.4111	1.52791e-23
37.4973	1.51929e-23
37.5837	1.51072e-23
37.6704	1.5022e-23
37.7572	1.49372e-23
37.8443	1.48527e-23
37.9315	1.47688e-23
38.0189	1.46852e-23
38.1066	1.46021e-23
38.1944	1.45194e-23
38.2825	1.44371e-23
38.3707	1.43552e-23
38.4592	1.42737e-23
38.5478	1.41927e-23
38.6367	1.4112e-23
38.7258	1.40318e-23
38.815	1.3952e-23
38.9045	1.38726e-23
38.9942	1.37936e-23
39.0841	1.37149e-23
39.1742	1.36367e-23
39.2645	1.35589e-23
39.355	1.34815e-23
39.4457	1.34045e-23
39.5367	1.33279e-23
39.6278	1.32516e-23
39.7192	1.31758e-23
39.8107	1.31004e-23
39.9025	1.30253e-23
39.9945	1.29506e-23
40.0867	1.28763e-23
40.1791	1.28024e-23
40.2717	1.27289e-23
40.3645	1.26558e-23
40.4576	1.2583e-23
40.5509	1.25106e-23
40.6443	1.24386e-23
40.738	1.23669e-23
40.8319	1.22957e-23
40.9261	1.22248e-23
41.0204	1.21542e-23
41.115	1.20841e-23
41.2098	1.20143e-23
41.3048	1.19448e-23
41.4	1.18758e-23
41.4954	1.1807e-23
41.5911	1.17387e-23
41.6869	1.16707e-23
41.783	1.16031e-23
41.8794	1.15358e-23
41.9759	1.14689e-23
42.0727	1.14023e-23
42.1697	1.13361e-23
42.2669	1.12702e-23
42.3643	1.12047e-23
42.462	1.11395e-23
42.5598	1.10747e-23
42.658	1.10102e-23
42.7563	1.0946e-23
42.8549	1.08822e-23
42.9536	1.08188e-23
43.0527	1.07556e-23
43.1519	1.06929e-23
43.2514	1.06304e-23
43.3511	1.05683e-23
43.451	1.05065e-23
43.5512	1.04451e-23
43.6516	1.0384e-23
43.7522	1.03232e-23
43.8531	1.02627e-23
43.9542	1.02026e-23
44.0555	1.01428e-23
44.157	1.00833e-23
44.2588	1.00241e-23
44.3609	9.96531e-24
44.4631	9.9068e-24
44.5656	9.84861e-24
44.6684	9.79073e-24
44.7713	9.73318e-24
44.8745	9.67594e-24
44.978	9.61901e-24
45.0817	9.5624e-24
45.1856	9.5061e-24
45.2898	9.45012e-24
45.3942	9.39444e-24
45.4988	9.33907e-24
45.6037	9.28402e-24
45.7088	9.22927e-24
45.8142	9.17482e-24
45.9198	9.12068e-24
46.0257	9.06685e-24
46.1318	9.01331e-24
46.2381	8.96008e-24
46.3447	8.90715e-24
46.4515	8.85452e-24
46.5586	8.80219e-24
46.6659	8.75015e-24
46.7735	8.69841e-24
46.8813	8.64697e-24
46.9894	8.59582e-24
47.0977	8.54496e-24
47.2063	8.4944e-24
47.3151	8.44412e-24
47.4242	8.39414e-24
47.5335	8.34445e-24
47.6431	8.29504e-24
47.7529	8.24592e-24
47.863	8.19709e-24
47.9733	8.14855e-24
48.0839	8.10029e-24
48.1948	8.05231e-24
48.3059	8.00461e-24
48.4172	7.9572e-24
48.5289	7.91006e-24
48.6407	7.86321e-24
48.7528	7.81663e-24
48.8652	7.77034e-24
48.9779	7.72431e-24
49.0908	7.67857e-24
49.204	7.6331e-24
49.3174	7.58791e-24
49.4311	7.54298e-24
49.545	7.49834e-24
49.6592	7.45396e-24
49.7737	7.40985e-24
49.8884	7.36602e-24
50.0035	7.32245e-24
50.1187	7.27915e-24
50.2343	7.23612e-24
50.3501	7.19335e-24
50.4661	7.15085e-24
50.5825	7.10862e-24
50.6991	7.06665e-24
50.8159	7.02495e-24
50.9331	6.9835e-24
51.0505	6.94232e-24
51.1682	6.9014e-24
51.2861	6.86074e-24
51.4044	6.82034e-24
51.5229	6.7802e-24
51.6416	6.74031e-24
51.7607	6.70069e-24
51.88	6.66132e-24
51.9996	6.6222e-24
52.1195	6.58335e-24
52.2396	6.54474e-24
52.36	6.50639e-24
52.4807	6.46829e-24
52.6017	6.43045e-24
52.723	6.39285e-24
52.8445	6.35551e-24
52.9663	6.31842e-24
53.0884	6.28157e-24
53.2108	6.24498e-24
53.3335	6.20863e-24
53.4564	6.17253e-24
53.5797	6.13668e-24
53.7032	6.10107e-24
53.827	6.06571e-24
53.9511	6.0306e-24
54.0754	5.99573e-24
54.2001	5.9611e-24
54.325	5.92671e-24
54.4503	5.89257e-24
54.5758	5.85867e-24
54.7016	5.82501e-24
54.8277	5.79159e-24
54.9541	5.7584e-24
55.0808	5.72546e-24
55.2077	5.69276e-24
55.335	5.6603e-24
55.4626	5.62807e-24
55.5904	5.59608e-24
55.7186	5.56432e-24
55.847	5.5328e-24
55.9758	5.50152e-24
56.1048	5.47047e-24
56.2341	5.43965e-24
56.3638	5.40907e-24
56.4937	5.37872e-24
56.6239	5.3486e-24
56.7545	5.31871e-24
56.8853	5.28906e-24
57.0164	5.25963e-24
57.1479	5.23043e-24
57.2796	5.20147e-24
57.4116	5.17273e-24
57.544	5.14422e-24
57.6766	5.11593e-24
57.8096	5.08788e-24
57.9429	5.06005e-24
58.0764	5.03244e-24
58.2103	5.00507e-24
58.3445	4.97791e-24
58.479	4.95098e-24
58.6138	4.92427e-24
58.7489	4.89779e-24
58.8844	4.87153e-24
59.0201	4.84549e-24
59.1562	4.81967e-24
59.2925	4.79408e-24
59.4292	4.7687e-24
59.5662	4.74354e-24
59.7035	4.71861e-24
59.8412	4.69389e-24
59.9791	4.66939e-24
60.1174	4.6451e-24
60.256	4.62103e-24
60.3949	4.59718e-24
60.5341	4.57355e-24
60.6736	4.55013e-24
60.8135	4.52692e-24
60.9537	4.50393e-24
61.0942	4.48116e-24
61.235	4.45859e-24
61.3762	4.43624e-24
61.5177	4.4141e-24
61.6595	4.39217e-24
61.8016	4.37045e-24
61.9441	4.34894e-24
62.0869	4.32764e-24
62.23	4.30655e-24
62.3735	4.28567e-24
62.5173	4.26499e-24
62.6614	4.24452e-24
62.8058	4.22426e-24
62.9506	4.20421e-24
63.0957	4.18435e-24
63.2412	4.16471e-24
63.387	4.14526e-24
63.5331	4.12602e-24
63.6796	4.10699e-24
63.8263	4.08815e-24
63.9735	4.06951e-24
64.121	4.05108e-24
64.2688	4.03285e-24
64.4169	4.01481e-24
64.5654	3.99697e-24
64.7143	3.97933e-24
64.8634	3.96189e-24
65.013	3.94464e-24
65.1628	3.92759e-24
65.3131	3.91074e-24
65.4636	3.89408e-24
65.6145	3.87761e-24
65.7658	3.86133e-24
65.9174	3.84525e-24
66.0693	3.82935e-24
66.2217	3.81365e-24
66.3743	3.79814e-24
66.5273	3.78281e-24
66.6807	3.76768e-24
66.8344	3.75273e-24
66.9885	3.73797e-24
67.1429	3.72339e-24
67.2977	3.70899e-24
67.4528	3.69479e-24
67.6083	3.68076e-24
67.7642	3.66691e-24
67.9204	3.65325e-24
68.0769	3.63977e-24
68.2339	3.62646e-24
68.3912	3.61334e-24
68.5488	3.60039e-24
68.7068	3.58762e-24
68.8652	3.57503e-24
69.024	3.56261e-24
69.1831	3.55036e-24
69.3426	3.53829e-24
69.5024	3.52639e-24
69.6627	3.51466e-24
69.8232	3.50309e-24
69.9842	3.4917e-24
70.1455	3.48048e-24
70.3072	3.46942e-24
70.4693	3.45853e-24
70.6318	3.44781e-24
70.7946	3.43725e-24
70.9578	3.42685e-24
71.1214	3.41661e-24
71.2853	3.40653e-24
71.4496	3.39662e-24
71.6143	3.38686e-24
71.7794	3.37726e-24
71.9449	3.36782e-24
72.1107	3.35853e-24
72.277	3.34939e-24
72.4436	3.34041e-24
72.6106	3.33158e-24
72.778	3.3229e-24
72.9458	3.31437e-24
73.1139	3.30599e-24
73.2825	3.29776e-24
73.4514	3.28967e-24
73.6207	3.28173e-24
73.7904	3.27393e-24
73.9605	3.26628e-24
74.131	3.25877e-24
74.3019	3.25139e-24
74.4732	3.24416e-24
74.6449	3.23706e-24
74.817	3.2301e-24
74.9894	3.22328e-24
75.1623	3.21659e-24
75.3356	3.21003e-24
75.5092	3.20361e-24
75.6833	3.19732e-24
75.8578	3.19115e-24
76.0326	3.18512e-24
76.2079	3.17921e-24
76.3836	3.17342e-24
76.5597	3.16776e-24
76.7361	3.16223e-24
76.913	3.15682e-24
77.0903	3.15152e-24
77.2681	3.14635e-24
77.4462	3.1413e-24
77.6247	3.13636e-24
77.8037	3.13154e-24
77.983	3.12683e-24
78.1628	3.12223e-24
78.343	3.11775e-24
78.5236	3.11338e-24
78.7046	3.10912e-24
78.886	3.10497e-24
79.0679	3.10092e-24
79.2501	3.09698e-24
79.4328	3.09315e-24
79.6159	3.08941e-24
79.7995	3.08578e-24
79.9834	3.08226e-24
80.1678	3.07883e-24
80.3526	3.0755e-24
80.5378	3.07226e-24
80.7235	3.06913e-24
80.9096	3.06608e-24
81.0961	3.06313e-24
81.2831	3.06028e-24
81.4704	3.05751e-24
81.6582	3.05484e-24
81.8465	3.05225e-24
82.0352	3.04975e-24
82.2243	3.04734e-24
82.4138	3.04502e-24
82.6038	3.04277e-24
82.7942	3.04061e-24
82.9851	3.03854e-24
83.1764	3.03654e-24
83.3681	3.03462e-24
83.5603	3.03279e-24
83.7529	3.03102e-24
83.946	3.02934e-24
84.1395	3.02773e-24
84.3335	3.02619e-24
84.5279	3.02473e-24
84.7227	3.02334e-24
84.918	3.02202e-24
85.1138	3.02077e-24
85.31	3.01959e-24
85.5067	3.01847e-24
85.7038	3.01742e-24
85.9014	3.01644e-24
86.0994	3.01552e-24
86.2979	3.01467e-24
86.4968	3.01388e-24
86.6962	3.01314e-24
86.896	3.01247e-24
87.0964	3.01186e-24
87.2971	3.01131e-24
87.4984	3.01082e-24
87.7001	3.01038e-24
87.9023	3.00999e-24
88.1049	3.00967e-24
88.308	3.00939e-24
88.5116	3.00917e-24
88.7156	3.009e-24
88.9201	3.00888e-24
89.1251	3.00881e-24
89.3305	3.00879e-24
89.5365	3.00882e-24
89.7429	3.0089e-24
89.9498	3.00902e-24
90.1571	3.00919e-24
90.3649	3.00941e-24
90.5733	3.00966e-24
90.7821	3.00997e-24
90.9913	3.01031e-24
91.2011	3.0107e-24
91.4113	3.01113e-24
91.622	3.01159e-24
91.8333	3.0121e-24
92.045	3.01265e-24
92.2571	3.01323e-24
92.4698	3.01385e-24
92.683	3.01451e-24
92.8966	3.01521e-24
93.1108	3.01594e-24
93.3254	3.0167e-24
93.5406	3.0175e-24
93.7562	3.01833e-24
93.9723	3.0192e-24
94.189	3.0201e-24
94.4061	3.02102e-24
94.6237	3.02198e-24
94.8418	3.02297e-24
95.0605	3.02399e-24
95.2796	3.02504e-24
95.4993	3.02612e-24
95.7194	3.02722e-24
95.9401	3.02835e-24
96.1612	3.02951e-24
96.3829	3.0307e-24
96.6051	3.03191e-24
96.8278	3.03315e-24
97.051	3.03441e-24
97.2747	3.03569e-24
97.499	3.037e-24
97.7237	3.03834e-24
97.949	3.03969e-24
98.1748	3.04107e-24
98.4011	3.04247e-24
98.6279	3.0439e-24
98.8553	3.04534e-24
99.0832	3.04681e-24
99.3116	3.04829e-24
99.5405	3.0498e-24
99.77	3.05133e-24
100	3.05287e-24
100.231	3.05444e-24
100.462	3.05602e-24
100.693	3.05762e-24
100.925	3.05924e-24
101.158	3.06088e-24
101.391	3.06254e-24
101.625	3.06421e-24
101.859	3.0659e-24
102.094	3.06761e-24
102.329	3.06933e-24
102.565	3.07107e-24
102.802	3.07283e-24
103.039	3.0746e-24
103.276	3.07639e-24
103.514	3.0782e-24
103.753	3.08002e-24
103.992	3.08185e-24
104.232	3.0837e-24
104.472	3.08557e-24
104.713	3.08745e-24
104.954	3.08935e-24
105.196	3.09126e-24
105.439	3.09318e-24
105.682	3.09512e-24
105.925	3.09708e-24
106.17	3.09905e-24
106.414	3.10103e-24
106.66	3.10303e-24
106.905	3.10504e-24
107.152	3.10707e-24
107.399	3.10911e-24
107.647	3.11117e-24
107.895	3.11324e-24
108.143	3.11533e-24
108.393	3.11743e-24
108.643	3.11955e-24
108.893	3.12168e-24
109.144	3.12383e-24
109.396	3.12599e-24
109.648	3.12817e-24
109.901	3.13037e-24
110.154	3.13258e-24
110.408	3.13481e-24
110.662	3.13705e-24
110.917	3.13932e-24
111.173	3.1416e-24
111.429	3.14389e-24
111.686	3.14621e-24
111.944	3.14854e-24
112.202	3.15089e-24
112.46	3.15326e-24
112.72	3.15566e-24
112.98	3.15807e-24
113.24	3.1605e-24
113.501	3.16295e-24
113.763	3.16543e-24
114.025	3.16792e-24
114.288	3.17044e-24
114.551	3.17299e-24
114.815	3.17555e-24
115.08	3.17815e-24
115.345	3.18076e-24
115.611	3.18341e-24
115.878	3.18608e-24
116.145	3.18878e-24
116.413	3.19151e-24
116.681	3.19427e-24
116.95	3.19706e-24
117.22	3.19989e-24
117.49	3.20274e-24
117.761	3.20563e-24
118.032	3.20856e-24
118.304	3.21152e-24
118.577	3.21452e-24
118.85	3.21756e-24
119.124	3.22064e-24
119.399	3.22377e-24
119.674	3.22694e-24
119.95	3.23015e-24
120.226	3.23341e-24
120.504	3.23673e-24
120.781	3.24009e-24
121.06	3.2435e-24
121.339	3.24698e-24
121.619	3.2505e-24
121.899	3.25409e-24
122.18	3.25774e-24
122.462	3.26146e-24
122.744	3.26525e-24
123.027	3.2691e-24
123.31	3.27303e-24
123.595	3.27703e-24
123.88	3.28112e-24
124.165	3.28529e-24
124.451	3.28954e-24
124.738	3.29389e-24
125.026	3.29833e-24
125.314	3.30287e-24
125.603	3.30752e-24
125.893	3.31227e-24
126.183	3.31713e-24
126.474	3.32212e-24
126.765	3.32723e-24
127.057	3.33247e-24
127.35	3.33784e-24
127.644	3.34336e-24
127.938	3.34903e-24
128.233	3.35486e-24
128.529	3.36085e-24
128.825	3.36702e-24
129.122	3.37337e-24
129.42	3.37991e-24
129.718	3.38666e-24
130.017	3.39361e-24
130.317	3.4008e-24
130.617	3.40822e-24
130.918	3.41588e-24
131.22	3.42382e-24
131.522	3.43203e-24
131.826	3.44054e-24
132.13	3.44935e-24
132.434	3.4585e-24
132.739	3.468e-24
133.045	3.47787e-24
133.352	3.48813e-24
133.66	3.49882e-24
133.968	3.50994e-24
134.276	3.52154e-24
134.586	3.53365e-24
134.896	3.54629e-24
135.207	3.55951e-24
135.519	3.57333e-24
135.831	3.58782e-24
136.144	3.60301e-24
136.458	3.61895e-24
136.773	3.63569e-24
137.088	3.65331e-24
137.404	3.67186e-24
137.721	3.69142e-24
138.038	3.71206e-24
138.357	3.73388e-24
138.676	3.75697e-24
138.995	3.78143e-24
139.316	3.80739e-24
139.637	3.83498e-24
139.959	3.86434e-24
140.281	3.89563e-24
140.605	3.92904e-24
140.929	3.96477e-24
141.254	4.00304e-24
141.579	4.04412e-24
141.906	4.0883e-24
142.233	4.13589e-24
142.561	4.18728e-24
142.889	4.2429e-24
143.219	4.30323e-24
143.549	4.36883e-24
143.88	4.44035e-24
144.212	4.51855e-24
144.544	4.6043e-24
144.877	4.69862e-24
145.211	4.80274e-24
145.546	4.91807e-24
145.881	5.04634e-24
146.218	5.1896e-24
146.555	5.35036e-24
146.893	5.53166e-24
147.231	5.73728e-24
147.571	5.97193e-24
147.911	6.24156e-24
148.252	6.55383e-24
148.594	6.91869e-24
148.936	7.34937e-24
149.279	7.86381e-24
149.624	8.48694e-24
149.968	9.25449e-24
150.314	1.02195e-23
150.661	1.14642e-23
151.008	1.31234e-23
151.356	1.54346e-23
151.705	1.88581e-23
152.055	2.44196e-23
152.405	3.49624e-23
152.757	6.23763e-23
153.109	3.03535e-22
153.462	1.04715e-22
153.815	4.45667e-23
154.17	2.83234e-23
154.525	2.07944e-23
154.882	1.64676e-23
155.239	1.367e-23
155.597	1.1721e-23
155.955	1.02916e-23
156.315	9.20302e-24
156.675	8.35007e-24
157.036	7.66661e-24
157.398	7.10899e-24
157.761	6.64725e-24
158.125	6.26016e-24
158.489	5.93221e-24
158.855	5.65186e-24
159.221	5.41031e-24
159.588	5.20074e-24
159.956	5.01781e-24
160.325	4.85725e-24
160.694	4.71564e-24
161.065	4.59016e-24
161.436	4.47854e-24
161.808	4.37887e-24
162.181	4.28956e-24
162.555	4.20928e-24
162.93	4.1369e-24
163.305	4.07147e-24
163.682	4.01216e-24
164.059	3.95828e-24
164.437	3.90922e-24
164.816	3.86444e-24
165.196	3.82351e-24
165.577	3.78601e-24
165.959	3.7516e-24
166.341	3.71997e-24
166.725	3.69085e-24
167.109	3.664e-24
167.494	3.63922e-24
167.88	3.61631e-24
168.267	3.59511e-24
168.655	3.57547e-24
169.044	3.55724e-24
169.434	3.54033e-24
169.824	3.52461e-24
170.216	3.50999e-24
170.608	3.49638e-24
171.002	3.4837e-24
171.396	3.47189e-24
171.791	3.46087e-24
172.187	3.45059e-24
172.584	3.441e-24
172.982	3.43204e-24
173.38	3.42367e-24
173.78	3.41586e-24
174.181	3.40855e-24
174.582	3.40173e-24
174.985	3.39535e-24
175.388	3.38939e-24
175.792	3.38383e-24
176.198	3.37863e-24
176.604	3.37377e-24
177.011	3.36925e-24
177.419	3.36503e-24
177.828	3.36109e-24
178.238	3.35743e-24
178.649	3.35403e-24
179.061	3.35086e-24
179.473	3.34793e-24
179.887	3.34521e-24
180.302	3.3427e-24
180.717	3.34039e-24
181.134	3.33826e-24
181.552	3.33631e-24
181.97	3.33452e-24
182.39	3.3329e-24
182.81	3.33142e-24
183.231	3.3301e-24
183.654	3.32891e-24
184.077	3.32786e-24
184.502	3.32693e-24
184.927	3.32612e-24
185.353	3.32544e-24
185.78	3.32486e-24
186.209	3.32439e-24
186.638	3.32403e-24
187.068	3.32377e-24
187.499	3.3236e-24
187.932	3.32352e-24
188.365	3.32354e-24
188.799	3.32364e-24
189.234	3.32383e-24
189.671	3.32409e-24
190.108	3.32444e-24
190.546	3.32486e-24
190.985	3.32535e-24
191.426	3.32592e-24
191.867	3.32655e-24
192.309	3.32725e-24
192.752	3.32802e-24
193.197	3.32886e-24
193.642	3.32975e-24
194.089	3.33071e-24
194.536	3.33172e-24
194.984	3.3328e-24
195.434	3.33393e-24
195.884	3.33511e-24
196.336	3.33636e-24
196.789	3.33765e-24
197.242	3.339e-24
197.697	3.3404e-24
198.153	3.34184e-24
198.609	3.34334e-24
199.067	3.34489e-24
199.526	3.34649e-24
199.986	3.34813e-24
200.447	3.34982e-24
200.909	3.35155e-24
201.372	3.35334e-24
201.837	3.35516e-24
202.302	3.35703e-24
202.768	3.35894e-24
203.236	3.3609e-24
203.704	3.3629e-24
204.174	3.36494e-24
204.644	3.36702e-24
205.116	3.36915e-24
205.589	3.37131e-24
206.063	3.37352e-24
206.538	3.37577e-24
207.014	3.37805e-24
207.491	3.38038e-24
207.97	3.38274e-24
208.449	3.38515e-24
208.93	3.38759e-24
209.411	3.39008e-24
209.894	3.3926e-24
210.378	3.39516e-24
210.863	3.39775e-24
211.349	3.40039e-24
211.836	3.40306e-24
212.324	3.40577e-24
212.814	3.40852e-24
213.304	3.4113e-24
213.796	3.41412e-24
214.289	3.41698e-24
214.783	3.41988e-24
215.278	3.42281e-24
215.774	3.42578e-24
216.272	3.42879e-24
216.77	3.43183e-24
217.27	3.43491e-24
217.771	3.43803e-24
218.273	3.44118e-24
218.776	3.44437e-24
219.28	3.44759e-24
219.786	3.45085e-24
220.293	3.45415e-24
220.8	3.45748e-24
221.309	3.46085e-24
221.82	3.46425e-24
222.331	3.4677e-24
222.844	3.47117e-24
223.357	3.47469e-24
223.872	3.47824e-24
224.388	3.48182e-24
224.905	3.48544e-24
225.424	3.4891e-24
225.944	3.49279e-24
226.464	3.49652e-24
226.986	3.50029e-24
227.51	3.50409e-24
228.034	3.50793e-24
228.56	3.5118e-24
229.087	3.51571e-24
229.615	3.51966e-24
230.144	3.52364e-24
230.675	3.52766e-24
231.206	3.53172e-24
231.739	3.53581e-24
232.274	3.53994e-24
232.809	3.5441e-24
233.346	3.5483e-24
233.884	3.55254e-24
234.423	3.55681e-24
234.963	3.56112e-24
235.505	3.56547e-24
236.048	3.56985e-24
236.592	3.57427e-24
237.137	3.57873e-24
237.684	3.58322e-24
238.232	3.58775e-24
238.781	3.59232e-24
239.332	3.59692e-24
239.883	3.60156e-24
240.436	3.60624e-24
240.991	3.61095e-24
241.546	3.6157e-24
242.103	3.62049e-24
242.661	3.62532e-24
243.22	3.63018e-24
243.781	3.63508e-24
244.343	3.64002e-24
244.906	3.64499e-24
245.471	3.65e-24
246.037	3.65505e-24
246.604	3.66014e-24
247.172	3.66526e-24
247.742	3.67043e-24
248.313	3.67563e-24
248.886	3.68086e-24
249.459	3.68614e-24
250.035	3.69145e-24
250.611	3.6968e-24
251.189	3.70219e-24
251.768	3.70762e-24
252.348	3.71308e-24
252.93	3.71859e-24
253.513	3.72413e-24
254.097	3.72971e-24
254.683	3.73533e-24
255.27	3.74098e-24
255.859	3.74668e-24
256.448	3.75241e-24
257.04	3.75818e-24
257.632	3.76399e-24
258.226	3.76984e-24
258.821	3.77572e-24
259.418	3.78165e-24
260.016	3.78761e-24
260.615	3.79362e-24
261.216	3.79966e-24
261.818	3.80574e-24
262.422	3.81186e-24
263.027	3.81802e-24
263.633	3.82421e-24
264.241	3.83045e-24
264.85	3.83673e-24
265.461	3.84304e-24
266.073	3.8494e-24
266.686	3.85579e-24
267.301	3.86222e-24
267.917	3.86869e-24
268.534	3.87521e-24
269.153	3.88176e-24
269.774	3.88835e-24
270.396	3.89498e-24
271.019	3.90165e-24
271.644	3.90836e-24
272.27	3.91511e-24
272.898	3.9219e-24
273.527	3.92873e-24
274.157	3.9356e-24
274.789	3.94251e-24
275.423	3.94946e-24
276.058	3.95645e-24
276.694	3.96348e-24
277.332	3.97055e-24
277.971	3.97766e-24
278.612	3.98481e-24
279.254	3.992e-24
279.898	3.99923e-24
280.543	4.00651e-24
281.19	4.01382e-24
281.838	4.02118e-24
282.488	4.02857e-24
283.139	4.03601e-24
283.792	4.04348e-24
284.446	4.051e-24
285.102	4.05856e-24
285.759	4.06616e-24
286.418	4.07381e-24
287.078	4.08149e-24
287.74	4.08922e-24
288.403	4.09698e-24
289.068	4.10479e-24
289.734	4.11264e-24
290.402	4.12053e-24
291.072	4.12847e-24
291.743	4.13645e-24
292.415	4.14447e-24
293.089	4.15253e-24
293.765	4.16063e-24
294.442	4.16878e-24
295.121	4.17697e-24
295.801	4.1852e-24
296.483	4.19348e-24
297.167	4.2018e-24
297.852	4.21016e-24
298.538	4.21857e-24
299.226	4.22702e-24
299.916	4.23552e-24
300.608	4.24406e-24
301.301	4.25265e-24
301.995	4.26128e-24
302.691	4.26996e-24
303.389	4.27868e-24
304.089	4.28745e-24
304.789	4.29626e-24
305.492	4.30512e-24
306.196	4.31403e-24
306.902	4.32299e-24
307.61	4.33199e-24
308.319	4.34104e-24
309.03	4.35015e-24
309.742	4.3593e-24
310.456	4.3685e-24
311.172	4.37775e-24
311.889	4.38706e-24
312.608	4.39642e-24
313.329	4.40583e-24
314.051	4.4153e-24
314.775	4.42482e-24
315.5	4.43439e-24
316.228	4.44403e-24
316.957	4.45373e-24
317.687	4.46348e-24
318.42	4.4733e-24
319.154	4.48318e-24
319.89	4.49313e-24
320.627	4.50315e-24
321.366	4.51324e-24
322.107	4.5234e-24
322.849	4.53363e-24
323.594	4.54395e-24
324.34	4.55435e-24
325.087	4.56484e-24
325.837	4.57542e-24
326.588	4.5861e-24
327.341	4.59688e-24
328.095	4.60778e-24
328.852	4.61879e-24
329.61	4.62993e-24
330.37	4.64121e-24
331.131	4.65264e-24
331.894	4.66423e-24
332.66	4.676e-24
333.426	4.68797e-24
334.195	4.70016e-24
334.965	4.7126e-24
335.738	4.72531e-24
336.512	4.73834e-24
337.287	4.75173e-24
338.065	4.76553e-24
338.844	4.77981e-24
339.625	4.79465e-24
340.408	4.81016e-24
341.193	4.82645e-24
341.979	4.8437e-24
342.768	4.8621e-24
343.558	4.88194e-24
344.35	4.90357e-24
345.144	4.92748e-24
345.939	4.95434e-24
346.737	4.98508e-24
347.536	5.02105e-24
348.337	5.06424e-24
349.14	5.11768e-24
349.945	5.18621e-24
350.752	5.27788e-24
351.56	5.40689e-24
352.371	5.60014e-24
353.183	5.9135e-24
353.997	6.47852e-24
354.813	7.66726e-24
355.631	1.09285e-23
356.451	2.9652e-23
357.273	2.92451e-23
358.096	1.08309e-23
358.922	7.62515e-24
359.749	6.47715e-24
360.579	5.94782e-24
361.41	5.667e-24
362.243	5.50409e-24
363.078	5.40384e-24
363.915	5.33976e-24
364.754	5.29796e-24
365.595	5.27059e-24
366.438	5.25297e-24
367.282	5.24217e-24
368.129	5.23627e-24
368.978	5.23399e-24
369.828	5.23445e-24
370.681	5.23701e-24
371.535	5.24122e-24
372.392	5.24673e-24
373.25	5.2533e-24
374.111	5.26072e-24
374.973	5.26886e-24
375.837	5.27759e-24
376.704	5.28682e-24
377.572	5.29648e-24
378.443	5.3065e-24
379.315	5.31684e-24
380.189	5.32745e-24
381.066	5.33831e-24
381.944	5.34939e-24
382.825	5.36066e-24
383.707	5.3721e-24
384.592	5.3837e-24
385.478	5.39545e-24
386.367	5.40732e-24
387.258	5.41932e-24
388.15	5.43143e-24
389.045	5.44364e-24
389.942	5.45596e-24
390.841	5.46836e-24
391.742	5.48085e-24
392.645	5.49342e-24
393.55	5.50607e-24
394.457	5.5188e-24
395.367	5.5316e-24
396.278	5.54446e-24
397.192	5.5574e-24
398.107	5.5704e-24
399.025	5.58346e-24
399.945	5.59658e-24
400.867	5.60976e-24
401.791	5.62299e-24
402.717	5.63629e-24
403.645	5.64964e-24
404.576	5.66304e-24
405.509	5.67649e-24
406.443	5.69e-24
407.38	5.70356e-24
408.319	5.71717e-24
409.261	5.73083e-24
410.204	5.74454e-24
411.15	5.7583e-24
412.098	5.77211e-24
413.048	5.78596e-24
414	5.79986e-24
414.954	5.81381e-24
415.911	5.82781e-24
416.869	5.84185e-24
417.83	5.85594e-24
418.794	5.87008e-24
419.759	5.88426e-24
420.727	5.89849e-24
421.697	5.91276e-24
422.669	5.92707e-24
423.643	5.94143e-24
424.62	5.95584e-24
425.598	5.97029e-24
426.58	5.98479e-24
427.563	5.99932e-24
428.549	6.01391e-24
429.536	6.02853e-24
430.527	6.04321e-24
431.519	6.05792e-24
432.514	6.07268e-24
433.511	6.08748e-24
434.51	6.10233e-24
435.512	6.11722e-24
436.516	6.13215e-24
437.522	6.14713e-24
438.531	6.16215e-24
439.542	6.17721e-24
440.555	6.19232e-24
441.57	6.20747e-24
442.588	6.22266e-24
443.609	6.2379e-24
444.631	6.25317e-24
445.656	6.2685e-24
446.684	6.28386e-24
447.713	6.29927e-24
448.745	6.31472e-24
449.78	6.33022e-24
450.817	6.34576e-24
451.856	6.36134e-24
452.898	6.37696e-24
453.942	6.39263e-24
454.988	6.40834e-24
456.037	6.4241e-24
457.088	6.43989e-24
458.142	6.45573e-24
459.198	6.47162e-24
460.257	6.48754e-24
461.318	6.50351e-24
462.381	6.51953e-24
463.447	6.53558e-24
464.515	6.55168e-24
465.586	6.56783e-24
466.659	6.58401e-24
467.735	6.60024e-24
468.813	6.61651e-24
469.894	6.63283e-24
470.977	6.64919e-24
472.063	6.66559e-24
473.151	6.68204e-24
474.242	6.69853e-24
475.335	6.71507e-24
476.431	6.73164e-24
477.529	6.74826e-24
478.63	6.76493e-24
479.733	6.78164e-24
480.839	6.79839e-24
481.948	6.81519e-24
483.059	6.83203e-24
484.172	6.84891e-24
485.289	6.86584e-24
486.407	6.88281e-24
487.528	6.89982e-24
488.652	6.91688e-24
489.779	6.93399e-24
490.908	6.95113e-24
492.04	6.96833e-24
493.174	6.98556e-24
494.311	7.00284e-24
495.45	7.02017e-24
496.592	7.03754e-24
497.737	7.05495e-24
498.884	7.07241e-24
500.035	7.08991e-24
501.187	7.10746e-24
502.343	7.12505e-24
503.501	7.14268e-24
504.661	7.16036e-24
505.825	7.17809e-24
506.991	7.19586e-24
508.159	7.21367e-24
509.331	7.23154e-24
510.505	7.24944e-24
511.682	7.26739e-24
512.861	7.28539e-24
514.044	7.30343e-24
515.229	7.32151e-24
516.416	7.33964e-24
517.607	7.35782e-24
518.8	7.37604e-24
519.996	7.39431e-24
521.195	7.41262e-24
522.396	7.43098e-24
523.6	7.44938e-24
524.807	7.46783e-24
526.017	7.48633e-24
527.23	7.50487e-24
528.445	7.52346e-24
529.663	7.54209e-24
530.884	7.56077e-24
532.108	7.5795e-24
533.335	7.59827e-24
534.564	7.61709e-24
535.797	7.63596e-24
537.032	7.65487e-24
538.27	7.67383e-24
539.511	7.69283e-24
540.754	7.71188e-24
542.001	7.73098e-24
543.25	7.75013e-24
544.503	7.76932e-24
545.758	7.78856e-24
547.016	7.80785e-24
548.277	7.82718e-24
549.541	7.84656e-24
550.808	7.86599e-24
552.077	7.88547e-24
553.35	7.90499e-24
554.626	7.92456e-24
555.904	7.94418e-24
557.186	7.96385e-24
558.47	7.98357e-24
559.758	8.00333e-24
561.048	8.02315e-24
562.341	8.04301e-24
563.638	8.06292e-24
564.937	8.08288e-24
566.239	8.10289e-24
567.545	8.12295e-24
568.853	8.14306e-24
570.164	8.16321e-24
571.479	8.18342e-24
572.796	8.20368e-24
574.116	8.22399e-24
575.44	8.24435e-24
576.766	8.26476e-24
578.096	8.28522e-24
579.429	8.30573e-24
580.764	8.32629e-24
582.103	8.34691e-24
583.445	8.36758e-24
584.79	8.3883e-24
586.138	8.40908e-24
587.489	8.42991e-24
588.844	8.4508e-24
590.201	8.47175e-24
591.562	8.49275e-24
592.925	8.51381e-24
594.292	8.53493e-24
595.662	8.55611e-24
597.035	8.57735e-24
598.412	8.59866e-24
599.791	8.62004e-24
601.174	8.64149e-24
602.56	8.66302e-24
603.949	8.68462e-24
605.341	8.70631e-24
606.736	8.72809e-24
608.135	8.74998e-24
609.537	8.77197e-24
610.942	8.7941e-24
612.35	8.81637e-24
613.762	8.83882e-24
615.177	8.86148e-24
616.595	8.8844e-24
618.016	8.90766e-24
619.441	8.93136e-24
620.869	8.95566e-24
622.3	8.98083e-24
623.735	9.00728e-24
625.173	9.03577e-24
626.614	9.06773e-24
628.058	9.10611e-24
629.506	9.15803e-24
630.957	9.24408e-24
632.412	9.44696e-24
633.87	1.04078e-23
635.331	2.13821e-22
636.796	1.03302e-23
638.263	9.51202e-24
639.735	9.36746e-24
641.21	9.33068e-24
642.688	9.32576e-24
644.169	9.33352e-24
645.654	9.34732e-24
647.143	9.36436e-24
648.634	9.3833e-24
650.13	9.40346e-24
651.628	9.42441e-24
653.131	9.44593e-24
654.636	9.46786e-24
656.145	9.4901e-24
657.658	9.51259e-24
659.174	9.53528e-24
660.693	9.55814e-24
662.217	9.58113e-24
663.743	9.60425e-24
665.273	9.62748e-24
666.807	9.65081e-24
668.344	9.67423e-24
669.885	9.69773e-24
671.429	9.72132e-24
672.977	9.74498e-24
674.528	9.76871e-24
676.083	9.79252e-24
677.642	9.81639e-24
679.204	9.84033e-24
680.769	9.86433e-24
682.339	9.8884e-24
683.912	9.91253e-24
685.488	9.93673e-24
687.068	9.96098e-24
688.652	9.9853e-24
690.24	1.00097e-23
691.831	1.00341e-23
693.426	1.00586e-23
695.024	1.00832e-23
696.627	1.01078e-23
698.232	1.01325e-23
699.842	1.01572e-23
701.455	1.0182e-23
703.072	1.02068e-23
704.693	1.02317e-23
706.318	1.02567e-23
707.946	1.02817e-23
709.578	1.03068e-23
711.214	1.0332e-23
712.853	1.03572e-23
714.496	1.03824e-23
716.143	1.04077e-23
717.794	1.04331e-23
719.449	1.04586e-23
721.107	1.04841e-23
722.77	1.05096e-23
724.436	1.05352e-23
726.106	1.05609e-23
727.78	1.05866e-23
729.458	1.06124e-23
731.139	1.06383e-23
732.825	1.06642e-23
734.514	1.06901e-23
736.207	1.07162e-23
737.904	1.07423e-23
739.605	1.07684e-23
741.31	1.07946e-23
743.019	1.08209e-23
744.732	1.08472e-23
746.449	1.08736e-23
748.17	1.09e-23
749.894	1.09266e-23
751.623	1.09531e-23
753.356	1.09798e-23
755.092	1.10064e-23
756.833	1.10332e-23
758.578	1.106e-23
760.326	1.10869e-23
762.079	1.11138e-23
763.836	1.11408e-23
765.597	1.11679e-23
767.361	1.1195e-23
769.13	1.12222e-23
770.903	1.12494e-23
772.681	1.12767e-23
774.462	1.13041e-23
776.247	1.13315e-23
778.037	1.1359e-23
779.83	1.13865e-23
781.628	1.14142e-23
783.43	1.14418e-23
785.236	1.14696e-23
787.046	1.14974e-23
788.86	1.15252e-23
790.679	1.15532e-23
792.501	1.15812e-23
794.328	1.16092e-23
796.159	1.16373e-23
797.995	1.16655e-23
799.834	1.16938e-23
801.678	1.17221e-23
803.526	1.17505e-23
805.378	1.17789e-23
807.235	1.18074e-23
809.096	1.1836e-23
810.961	1.18646e-23
812.831	1.18933e-23
814.704	1.19221e-23
816.582	1.19509e-23
818.465	1.19798e-23
820.352	1.20088e-23
822.243	1.20378e-23
824.138	1.20669e-23
826.038	1.2096e-23
827.942	1.21253e-23
829.851	1.21545e-23
831.764	1.21839e-23
833.681	1.22133e-23
835.603	1.22428e-23
837.529	1.22724e-23
839.46	1.2302e-23
841.395	1.23317e-23
843.335	1.23614e-23
845.279	1.23912e-23
847.227	1.24211e-23
849.18	1.24511e-23
851.138	1.24811e-23
853.1	1.25112e-23
855.067	1.25414e-23
857.038	1.25716e-23
859.014	1.26019e-23
860.994	1.26323e-23
862.979	1.26627e-23
864.968	1.26932e-23
866.962	1.27238e-23
868.96	1.27544e-23
870.964	1.27851e-23
872.971	1.28159e-23
874.984	1.28468e-23
877.001	1.28777e-23
879.023	1.29087e-23
881.049	1.29397e-23
883.08	1.29709e-23
885.116	1.30021e-23
887.156	1.30333e-23
889.201	1.30647e-23
891.251	1.30961e-23
893.305	1.31276e-23
895.365	1.31591e-23
897.429	1.31908e-23
899.498	1.32224e-23
901.571	1.32542e-23
903.649	1.32861e-23
905.733	1.3318e-23
907.821	1.335e-23
909.913	1.3382e-23
912.011	1.34141e-23
914.113	1.34464e-23
916.22	1.34786e-23
918.333	1.3511e-23
920.45	1.35434e-23
922.571	1.35759e-23
924.698	1.36085e-23
926.83	1.36411e-23
928.966	1.36738e-23
931.108	1.37066e-23
933.254	1.37395e-23
935.406	1.37725e-23
937.562	1.38055e-23
939.723	1.38386e-23
941.89	1.38718e-23
944.061	1.3905e-23
946.237	1.39383e-23
948.418	1.39717e-23
950.605	1.40052e-23
952.796	1.40388e-23
954.993	1.40725e-23
957.194	1.41062e-23
959.401	1.414e-23
961.612	1.41739e-23
963.829	1.42079e-23
966.051	1.4242e-23
968.278	1.42762e-23
970.51	1.43106e-23
972.747	1.4345e-23
974.99	1.43796e-23
977.237	1.44144e-23
979.49	1.44495e-23
981.748	1.44849e-23
984.011	1.45209e-23
986.279	1.45581e-23
988.553	1.45979e-23
990.832	1.46451e-23
993.116	1.4727e-23
995.405	1.54972e-23
997.7	1.51361e-23
1000	1.48163e-23
1002.31	1.48164e-23
1004.62	1.48416e-23
1006.93	1.48727e-23
1009.25	1.4906e-23
1011.58	1.49403e-23
1013.91	1.49752e-23
1016.25	1.50104e-23
1018.59	1.50458e-23
1020.94	1.50814e-23
1023.29	1.51172e-23
1025.65	1.5153e-23
1028.02	1.5189e-23
1030.39	1.52251e-23
1032.76	1.52613e-23
1035.14	1.52976e-23
1037.53	1.5334e-23
1039.92	1.53705e-23
1042.32	1.54071e-23
1044.72	1.54438e-23
1047.13	1.54805e-23
1049.54	1.55173e-23
1051.96	1.55543e-23
1054.39	1.55913e-23
1056.82	1.56284e-23
1059.25	1.56655e-23
1061.7	1.57028e-23
1064.14	1.57402e-23
1066.6	1.57776e-23
1069.05	1.58151e-23
1071.52	1.58527e-23
1073.99	1.58904e-23
1076.47	1.59282e-23
1078.95	1.59661e-23
1081.43	1.6004e-23
1083.93	1.6042e-23
1086.43	1.60802e-23
1088.93	1.61184e-23
1091.44	1.61567e-23
1093.96	1.61951e-23
1096.48	1.62335e-23
1099.01	1.62721e-23
1101.54	1.63107e-23
1104.08	1.63495e-23
1106.62	1.63883e-23
1109.17	1.64272e-23
1111.73	1.64662e-23
1114.29	1.65053e-23
1116.86	1.65444e-23
1119.44	1.65837e-23
1122.02	1.66231e-23
1124.6	1.66625e-23
1127.2	1.6702e-23
1129.8	1.67416e-23
1132.4	1.67813e-23
1135.01	1.68211e-23
1137.63	1.6861e-23
1140.25	1.6901e-23
1142.88	1.69411e-23
1145.51	1.69812e-23
1148.15	1.70215e-23
1150.8	1.70618e-23
1153.45	1.71022e-23
1156.11	1.71428e-23
1158.78	1.71834e-23
1161.45	1.72241e-23
1164.13	1.72649e-23
1166.81	1.73058e-23
1169.5	1.73468e-23
1172.2	1.73878e-23
1174.9	1.7429e-23
1177.61	1.74703e-23
1180.32	1.75116e-23
1183.04	1.75531e-23
1185.77	1.75946e-23
1188.5	1.76362e-23
1191.24	1.7678e-23
1193.99	1.77198e-23
1196.74	1.77617e-23
1199.5	1.78037e-23
1202.26	1.78458e-23
1205.04	1.7888e-23
1207.81	1.79303e-23
1210.6	1.79727e-23
1213.39	1.80152e-23
1216.19	1.80578e-23
1218.99	1.81005e-23
1221.8	1.81433e-23
1224.62	1.81862e-23
1227.44	1.82291e-23
1230.27	1.82722e-23
1233.1	1.83154e-23
1235.95	1.83586e-23
1238.8	1.8402e-23
1241.65	1.84455e-23
1244.51	1.8489e-23
1247.38	1.85327e-23
1250.26	1.85764e-23
1253.14	1.86203e-23
1256.03	1.86643e-23
1258.93	1.87083e-23
1261.83	1.87525e-23
1264.74	1.87967e-23
1267.65	1.88411e-23
1270.57	1.88855e-23
1273.5	1.89301e-23
1276.44	1.89748e-23
1279.38	1.90195e-23
1282.33	1.90644e-23
1285.29	1.91093e-23
1288.25	1.91544e-23
1291.22	1.91996e-23
1294.2	1.92448e-23
1297.18	1.92902e-23
1300.17	1.93357e-23
1303.17	1.93813e-23
1306.17	1.9427e-23
1309.18	1.94727e-23
1312.2	1.95186e-23
1315.22	1.95646e-23
1318.26	1.96107e-23
1321.3	1.96569e-23
1324.34	1.97032e-23
1327.39	1.97496e-23
1330.45	1.97962e-23
1333.52	1.98428e-23
1336.6	1.98895e-23
1339.68	1.99363e-23
1342.76	1.99833e-23
1345.86	2.00303e-23
1348.96	2.00775e-23
1352.07	2.01247e-23
1355.19	2.01721e-23
1358.31	2.02196e-23
1361.44	2.02672e-23
1364.58	2.03149e-23
1367.73	2.03627e-23
1370.88	2.04106e-23
1374.04	2.04586e-23
1377.21	2.05067e-23
1380.38	2.0555e-23
1383.57	2.06033e-23
1386.76	2.06518e-23
1389.95	2.07003e-23
1393.16	2.0749e-23
1396.37	2.07978e-23
1399.59	2.08467e-23
1402.81	2.08958e-23
1406.05	2.09449e-23
1409.29	2.09942e-23
1412.54	2.10436e-23
1415.79	2.10931e-23
1419.06	2.11427e-23
1422.33	2.11926e-23
1425.61	2.12426e-23
1428.89	2.1293e-23
1432.19	2.13439e-23
1435.49	2.13965e-23
1438.8	2.1457e-23
1442.12	2.18476e-23
1445.44	2.15847e-23
1448.77	2.1601e-23
1452.11	2.16471e-23
1455.46	2.16965e-23
1458.81	2.17469e-23
1462.18	2.17976e-23
1465.55	2.18485e-23
1468.93	2.18997e-23
1472.31	2.1951e-23
1475.71	2.20025e-23
1479.11	2.20541e-23
1482.52	2.21058e-23
1485.94	2.21576e-23
1489.36	2.22096e-23
1492.79	2.22617e-23
1496.24	2.23139e-23
1499.68	2.23662e-23
1503.14	2.24186e-23
1506.61	2.24712e-23
1510.08	2.25239e-23
1513.56	2.25767e-23
1517.05	2.26296e-23
1520.55	2.26827e-23
1524.05	2.27358e-23
1527.57	2.27891e-23
1531.09	2.28425e-23
1534.62	2.28961e-23
1538.15	2.29497e-23
1541.7	2.30035e-23
1545.25	2.30574e-23
1548.82	2.31114e-23
1552.39	2.31656e-23
1555.97	2.32199e-23
1559.55	2.32742e-23
1563.15	2.33288e-23
1566.75	2.33834e-23
1570.36	2.34382e-23
1573.98	2.34931e-23
1577.61	2.35481e-23
1581.25	2.36032e-23
1584.89	2.36585e-23
1588.55	2.37139e-23
1592.21	2.37694e-23
1595.88	2.3825e-23
1599.56	2.38808e-23
1603.25	2.39367e-23
1606.94	2.39927e-23
1610.65	2.40489e-23
1614.36	2.41052e-23
1618.08	2.41616e-23
1621.81	2.42181e-23
1625.55	2.42748e-23
1629.3	2.43316e-23
1633.05	2.43885e-23
1636.82	2.44456e-23
1640.59	2.45027e-23
1644.37	2.45601e-23
1648.16	2.46175e-23
1651.96	2.46751e-23
1655.77	2.47328e-23
1659.59	2.47906e-23
1663.41	2.48486e-23
1667.25	2.49067e-23
1671.09	2.49649e-23
1674.94	2.50233e-23
1678.8	2.50818e-23
1682.67	2.51404e-23
1686.55	2.51992e-23
1690.44	2.52581e-23
1694.34	2.53171e-23
1698.24	2.53763e-23
1702.16	2.54356e-23
1706.08	2.5495e-23
1710.02	2.55546e-23
1713.96	2.56143e-23
1717.91	2.56742e-23
1721.87	2.57341e-23
1725.84	2.57943e-23
1729.82	2.58545e-23
1733.8	2.59149e-23
1737.8	2.59754e-23
1741.81	2.60361e-23
1745.82	2.60969e-23
1749.85	2.61579e-23
1753.88	2.62189e-23
1757.92	2.62802e-23
1761.98	2.63415e-23
1766.04	2.6403e-23
1770.11	2.64647e-23
1774.19	2.65265e-23
1778.28	2.65884e-23
1782.38	2.66505e-23
1786.49	2.67127e-23
1790.61	2.6775e-23
1794.73	2.68375e-23
1798.87	2.69001e-23
1803.02	2.69629e-23
1807.17	2.70258e-23
1811.34	2.70889e-23
1815.52	2.71521e-23
1819.7	2.72155e-23
1823.9	2.7279e-23
1828.1	2.73426e-23
1832.31	2.74064e-23
1836.54	2.74703e-23
1840.77	2.75344e-23
1845.02	2.75986e-23
1849.27	2.7663e-23
1853.53	2.77275e-23
1857.8	2.77922e-23
1862.09	2.7857e-23
1866.38	2.79219e-23
1870.68	2.79871e-23
1874.99	2.80523e-23
1879.32	2.81177e-23
1883.65	2.81833e-23
1887.99	2.8249e-23
1892.34	2.83148e-23
1896.71	2.83808e-23
1901.08	2.8447e-23
1905.46	2.85133e-23
1909.85	2.85798e-23
1914.26	2.86464e-23
1918.67	2.87131e-23
1923.09	2.87801e-23
1927.52	2.88471e-23
1931.97	2.89144e-23
1936.42	2.89818e-23
1940.89	2.90493e-23
1945.36	2.9117e-23
1949.84	2.91849e-23
1954.34	2.92529e-23
1958.84	2.93212e-23
1963.36	2.93898e-23
1967.89	2.94591e-23
1972.42	2.95329e-23
1976.97	2.98924e-23
1981.53	2.96678e-23
1986.09	2.97341e-23
1990.67	2.98028e-23
1995.26	2.98719e-23
1999.86	2.99414e-23
2004.47	3.00111e-23
2009.09	3.00809e-23
2013.72	3.01509e-23
2018.37	3.02211e-23
2023.02	3.02915e-23
2027.68	3.0362e-23
2032.36	3.04326e-23
2037.04	3.05035e-23
2041.74	3.05745e-23
2046.44	3.06456e-23
2051.16	3.0717e-23
2055.89	3.07885e-23
2060.63	3.08601e-23
2065.38	3.09319e-23
2070.14	3.10039e-23
2074.91	3.10761e-23
2079.7	3.11484e-23
2084.49	3.12208e-23
2089.3	3.12935e-23
2094.11	3.13663e-23
2098.94	3.14393e-23
2103.78	3.15124e-23
2108.63	3.15857e-23
2113.49	3.16592e-23
2118.36	3.17328e-23
2123.24	3.18067e-23
2128.14	3.18806e-23
2133.04	3.19548e-23
2137.96	3.20291e-23
2142.89	3.21036e-23
2147.83	3.21783e-23
2152.78	3.22531e-23
2157.74	3.23281e-23
2162.72	3.24033e-23
2167.7	3.24786e-23
2172.7	3.25541e-23
2177.71	3.26298e-23
2182.73	3.27057e-23
2187.76	3.27817e-23
2192.8	3.28579e-23
2197.86	3.29343e-23
2202.93	3.30109e-23
2208	3.30876e-23
2213.09	3.31645e-23
2218.2	3.32416e-23
2223.31	3.33189e-23
2228.44	3.33963e-23
2233.57	3.34739e-23
2238.72	3.35517e-23
2243.88	3.36297e-23
2249.05	3.37079e-23
2254.24	3.37862e-23
2259.44	3.38647e-23
2264.64	3.39434e-23
2269.86	3.40223e-23
2275.1	3.41013e-23
2280.34	3.41806e-23
2285.6	3.426e-23
2290.87	3.43396e-23
2296.15	3.44193e-23
2301.44	3.44993e-23
2306.75	3.45794e-23
2312.06	3.46598e-23
2317.39	3.47403e-23
2322.74	3.4821e-23
2328.09	3.49018e-23
2333.46	3.49829e-23
2338.84	3.50642e-23
2344.23	3.51456e-23
2349.63	3.52272e-23
2355.05	3.5309e-23
2360.48	3.5391e-23
2365.92	3.54732e-23
2371.37	3.55556e-23
2376.84	3.56381e-23
2382.32	3.57209e-23
2387.81	3.58038e-23
2393.32	3.5887e-23
2398.83	3.59703e-23
2404.36	3.60538e-23
2409.91	3.61375e-23
2415.46	3.62214e-23
2421.03	3.63055e-23
2426.61	3.63897e-23
2432.2	3.64742e-23
2437.81	3.65589e-23
2443.43	3.66437e-23
2449.06	3.67288e-23
2454.71	3.6814e-23
2460.37	3.68995e-23
2466.04	3.69851e-23
2471.72	3.7071e-23
2477.42	3.7157e-23
2483.13	3.72432e-23
2488.86	3.73296e-23
2494.59	3.74163e-23
2500.35	3.75031e-23
2506.11	3.75901e-23
2511.89	3.76773e-23
2517.68	3.77648e-23
2523.48	3.78524e-23
2529.3	3.79402e-23
2535.13	3.80282e-23
2540.97	3.81165e-23
2546.83	3.82049e-23
2552.7	3.82935e-23
2558.59	3.83824e-23
2564.48	3.84714e-23
2570.4	3.85607e-23
2576.32	3.86502e-23
2582.26	3.87399e-23
2588.21	3.88301e-23
2594.18	3.89246e-23
2600.16	3.90153e-23
2606.15	3.91009e-23
2612.16	3.91913e-23
2618.18	3.9282e-23
2624.22	3.93731e-23
2630.27	3.94644e-23
2636.33	3.95559e-23
2642.41	3.96476e-23
2648.5	3.97395e-23
2654.61	3.98317e-23
2660.73	3.9924e-23
2666.86	4.00166e-23
2673.01	4.01094e-23
2679.17	4.02024e-23
2685.34	4.02956e-23
2691.53	4.0389e-23
2697.74	4.04826e-23
2703.96	4.05765e-23
2710.19	4.06706e-23
2716.44	4.07648e-23
2722.7	4.08593e-23
2728.98	4.09541e-23
2735.27	4.1049e-23
2741.57	4.11441e-23
2747.89	4.12395e-23
2754.23	4.13351e-23
2760.58	4.14309e-23
2766.94	4.15269e-23
2773.32	4.16232e-23
2779.71	4.17196e-23
2786.12	4.18163e-23
2792.54	4.19132e-23
2798.98	4.20104e-23
2805.43	4.21077e-23
2811.9	4.22053e-23
2818.38	4.23031e-23
2824.88	4.24011e-23
2831.39	4.24994e-23
2837.92	4.25979e-23
2844.46	4.26966e-23
2851.02	4.27955e-23
2857.59	4.28946e-23
2864.18	4.2994e-23
2870.78	4.30936e-23
2877.4	4.31935e-23
2884.03	4.32936e-23
2890.68	4.33939e-23
2897.34	4.34944e-23
2904.02	4.35951e-23
2910.72	4.36961e-23
2917.43	4.37974e-23
2924.15	4.38988e-23
2930.89	4.40005e-23
2937.65	4.41024e-23
2944.42	4.42046e-23
2951.21	4.4307e-23
2958.01	4.44096e-23
2964.83	4.45124e-23
2971.67	4.46155e-23
2978.52	4.47189e-23
2985.38	4.48224e-23
2992.26	4.49262e-23
2999.16	4.50303e-23
3006.08	4.51346e-23
3013.01	4.52391e-23
3019.95	4.53439e-23
3026.91	4.54489e-23
3033.89	4.55541e-23
3040.89	4.56596e-23
3047.89	4.57653e-23
3054.92	4.58713e-23
3061.96	4.59775e-23
3069.02	4.6084e-23
3076.1	4.61907e-23
3083.19	4.62976e-23
3090.3	4.64048e-23
3097.42	4.65123e-23
3104.56	4.66199e-23
3111.72	4.67279e-23
3118.89	4.68361e-23
3126.08	4.69445e-23
3133.29	4.70532e-23
3140.51	4.71621e-23
3147.75	4.72713e-23
3155	4.73807e-23
3162.28	4.74904e-23
3169.57	4.76003e-23
3176.87	4.77105e-23
3184.2	4.78209e-23
3191.54	4.79316e-23
3198.9	4.80426e-23
3206.27	4.81538e-23
3213.66	4.82652e-23
3221.07	4.83769e-23
3228.49	4.84889e-23
3235.94	4.86011e-23
3243.4	4.87136e-23
3250.87	4.88264e-23
3258.37	4.89394e-23
3265.88	4.90526e-23
3273.41	4.91662e-23
3280.95	4.928e-23
3288.52	4.9394e-23
3296.1	4.95085e-23
3303.7	4.96278e-23
3311.31	4.97384e-23
3318.94	4.98529e-23
3326.6	4.99682e-23
3334.26	5.00838e-23
3341.95	5.01996e-23
3349.65	5.03158e-23
3357.38	5.04322e-23
3365.12	5.05489e-23
3372.87	5.06658e-23
3380.65	5.07831e-23
3388.44	5.09006e-23
3396.25	5.10183e-23
3404.08	5.11364e-23
3411.93	5.12547e-23
3419.79	5.13732e-23
3427.68	5.14921e-23
3435.58	5.16112e-23
3443.5	5.17306e-23
3451.44	5.18503e-23
3459.39	5.19702e-23
3467.37	5.20904e-23
3475.36	5.22109e-23
3483.37	5.23317e-23
3491.4	5.24528e-23
3499.45	5.25741e-23
3507.52	5.26957e-23
3515.6	5.28176e-23
3523.71	5.29398e-23
3531.83	5.30622e-23
3539.97	5.3185e-23
3548.13	5.3308e-23
3556.31	5.34313e-23
3564.51	5.35548e-23
3572.73	5.36787e-23
3580.96	5.38028e-23
3589.22	5.39273e-23
3597.49	5.4052e-23
3605.79	5.4177e-23
3614.1	5.43023e-23
3622.43	5.44279e-23
3630.78	5.45537e-23
3639.15	5.46799e-23
3647.54	5.48064e-23
3655.95	5.49331e-23
3664.38	5.50601e-23
3672.82	5.51874e-23
3681.29	5.53151e-23
3689.78	5.5443e-23
3698.28	5.55712e-23
3706.81	5.56997e-23
3715.35	5.58285e-23
3723.92	5.59575e-23
3732.5	5.60869e-23
3741.11	5.62166e-23
3749.73	5.63466e-23
3758.37	5.64769e-23
3767.04	5.66075e-23
3775.72	5.67383e-23
3784.43	5.68695e-23
3793.15	5.7001e-23
3801.89	5.71328e-23
3810.66	5.72649e-23
3819.44	5.73973e-23
3828.25	5.75299e-23
3837.07	5.76629e-23
3845.92	5.77963e-23
3854.78	5.79299e-23
3863.67	5.80638e-23
3872.58	5.8198e-23
3881.5	5.83325e-23
3890.45	5.84674e-23
3899.42	5.86025e-23
3908.41	5.8738e-23
3917.42	5.88738e-23
3926.45	5.90099e-23
3935.5	5.91463e-23
3944.57	5.9283e-23
3953.67	5.942e-23
3962.78	5.95574e-23
3971.92	5.9695e-23
3981.07	5.9833e-23
3990.25	5.99713e-23
3999.45	6.01099e-23
4008.67	6.02488e-23
4017.91	6.03881e-23
4027.17	6.05277e-23
4036.45	6.06676e-23
4045.76	6.08078e-23
4055.09	6.09483e-23
4064.43	6.10892e-23
4073.8	6.12304e-23
4083.19	6.13719e-23
4092.61	6.15138e-23
4102.04	6.17412e-23
4111.5	6.17985e-23
4120.98	6.19412e-23
4130.48	6.20843e-23
4140	6.22278e-23
4149.54	6.23716e-23
4159.11	6.25157e-23
4168.69	6.26602e-23
4178.3	6.2805e-23
4187.94	6.29501e-23
4197.59	6.30955e-23
4207.27	6.32413e-23
4216.97	6.33875e-23
4226.69	6.35339e-23
4236.43	6.36807e-23
4246.2	6.38279e-23
4255.98	6.39754e-23
4265.8	6.41232e-23
4275.63	6.42714e-23
4285.49	6.44199e-23
4295.36	6.45687e-23
4305.27	6.47179e-23
4315.19	6.48674e-23
4325.14	6.50173e-23
4335.11	6.51675e-23
4345.1	6.53181e-23
4355.12	6.5469e-23
4365.16	6.56202e-23
4375.22	6.57718e-23
4385.31	6.59238e-23
4395.42	6.60761e-23
4405.55	6.62287e-23
4415.7	6.63817e-23
4425.88	6.65351e-23
4436.09	6.66888e-23
4446.31	6.68429e-23
4456.56	6.69973e-23
4466.84	6.71521e-23
4477.13	6.73072e-23
4487.45	6.74627e-23
4497.8	6.76185e-23
4508.17	6.77747e-23
4518.56	6.79313e-23
4528.98	6.80882e-23
4539.42	6.82455e-23
4549.88	6.84031e-23
4560.37	6.85611e-23
4570.88	6.87195e-23
4581.42	6.88782e-23
4591.98	6.90373e-23
4602.57	6.91968e-23
4613.18	6.93566e-23
4623.81	6.95168e-23
4634.47	6.96774e-23
4645.15	6.98383e-23
4655.86	6.99997e-23
4666.59	7.01613e-23
4677.35	7.03234e-23
4688.13	7.04858e-23
4698.94	7.06486e-23
4709.77	7.08118e-23
4720.63	7.09753e-23
4731.51	7.11393e-23
4742.42	7.13036e-23
4753.35	7.14682e-23
4764.31	7.16333e-23
4775.29	7.17987e-23
4786.3	7.19646e-23
4797.33	7.21308e-23
4808.39	7.22973e-23
4819.48	7.24643e-23
4830.59	7.26317e-23
4841.72	7.27994e-23
4852.89	7.29675e-23
4864.07	7.3136e-23
4875.28	7.33049e-23
4886.52	7.34742e-23
4897.79	7.36439e-23
4909.08	7.38139e-23
4920.4	7.39844e-23
4931.74	7.41552e-23
4943.11	7.43265e-23
4954.5	7.44981e-23
4965.92	7.46702e-23
4977.37	7.48427e-23
4988.84	7.50176e-23
5000.35	7.51887e-23
5011.87	7.53623e-23
5023.43	7.55363e-23
5035.01	7.57107e-23
5046.61	7.58855e-23
5058.25	7.60607e-23
5069.91	7.62364e-23
5081.59	7.64124e-23
5093.31	7.65888e-23
5105.05	7.67657e-23
5116.82	7.69429e-23
5128.61	7.71206e-23
5140.44	7.72987e-23
5152.29	7.74771e-23
5164.16	7.7656e-23
5176.07	7.78353e-23
5188	7.8015e-23
5199.96	7.81952e-23
5211.95	7.83757e-23
5223.96	7.85566e-23
5236	7.8738e-23
5248.07	7.89198e-23
5260.17	7.9102e-23
5272.3	7.92846e-23
5284.45	7.94677e-23
5296.63	7.96512e-23
5308.84	7.98351e-23
5321.08	8.00194e-23
5333.35	8.02041e-23
5345.64	8.03893e-23
5357.97	8.05749e-23
5370.32	8.07609e-23
5382.7	8.09473e-23
5395.11	8.11342e-23
5407.54	8.13215e-23
5420.01	8.15092e-23
5432.5	8.16974e-23
5445.03	8.1886e-23
5457.58	8.20751e-23
5470.16	8.22645e-23
5482.77	8.24544e-23
5495.41	8.26448e-23
5508.08	8.28356e-23
5520.77	8.30268e-23
5533.5	8.32184e-23
5546.26	8.34105e-23
5559.04	8.36031e-23
5571.86	8.37961e-23
5584.7	8.39895e-23
5597.58	8.41834e-23
5610.48	8.43777e-23
5623.41	8.45725e-23
5636.38	8.47677e-23
5649.37	8.49634e-23
5662.39	8.51595e-23
5675.45	8.53561e-23
5688.53	8.55531e-23
5701.64	8.57506e-23
5714.79	8.59485e-23
5727.96	8.61469e-23
5741.16	8.63457e-23
5754.4	8.6545e-23
5767.66	8.67448e-23
5780.96	8.6945e-23
5794.29	8.71457e-23
5807.64	8.73469e-23
5821.03	8.75485e-23
5834.45	8.77505e-23
5847.9	8.79531e-23
5861.38	8.81561e-23
5874.89	8.83596e-23
5888.44	8.85635e-23
5902.01	8.87679e-23
5915.62	8.89728e-23
5929.25	8.91781e-23
5942.92	8.9384e-23
5956.62	8.95906e-23
5970.35	8.97971e-23
5984.12	9.00043e-23
5997.91	9.0212e-23
6011.74	9.04202e-23
6025.6	9.06289e-23
6039.49	9.08381e-23
6053.41	9.10477e-23
6067.36	9.12578e-23
6081.35	9.14685e-23
6095.37	9.16796e-23
6109.42	9.18911e-23
6123.5	9.21032e-23
6137.62	9.23158e-23
6151.77	9.25288e-23
6165.95	9.27424e-23
6180.16	9.29564e-23
6194.41	9.31709e-23
6208.69	9.33859e-23
6223	9.36014e-23
6237.35	9.38175e-23
6251.73	9.4034e-23
6266.14	9.4251e-23
6280.58	9.44685e-23
6295.06	9.46865e-23
6309.57	9.4905e-23
6324.12	9.5124e-23
6338.7	9.53435e-23
6353.31	9.55635e-23
6367.96	9.57841e-23
6382.63	9.60051e-23
6397.35	9.62266e-23
6412.1	9.64487e-23
6426.88	9.66713e-23
6441.69	9.68943e-23
6456.54	9.71179e-23
6471.43	9.7342e-23
6486.34	9.75667e-23
6501.3	9.77918e-23
6516.28	9.80175e-23
6531.31	9.82437e-23
6546.36	9.84704e-23
6561.45	9.86976e-23
6576.58	9.89253e-23
6591.74	9.91536e-23
6606.93	9.93824e-23
6622.17	9.96117e-23
6637.43	9.98416e-23
6652.73	1.00072e-22
6668.07	1.00303e-22
6683.44	1.00534e-22
6698.85	1.00766e-22
6714.29	1.00999e-22
6729.77	1.01232e-22
6745.28	1.01465e-22
6760.83	1.017e-22
6776.42	1.01934e-22
6792.04	1.02169e-22
6807.69	1.02405e-22
6823.39	1.02641e-22
6839.12	1.02878e-22
6854.88	1.03116e-22
6870.68	1.03354e-22
6886.52	1.03592e-22
6902.4	1.03831e-22
6918.31	1.04071e-22
6934.26	1.04311e-22
6950.24	1.04551e-22
6966.27	1.04793e-22
6982.32	1.05034e-22
6998.42	1.05277e-22
7014.55	1.0552e-22
7030.72	1.05763e-22
7046.93	1.06007e-22
7063.18	1.06252e-22
7079.46	1.06497e-22
7095.78	1.06743e-22
7112.14	1.06989e-22
7128.53	1.07236e-22
7144.96	1.07483e-22
7161.43	1.07731e-22
7177.94	1.0798e-22
7194.49	1.08229e-22
7211.07	1.08478e-22
7227.7	1.08729e-22
7244.36	1.0898e-22
7261.06	1.09231e-22
7277.8	1.09483e-22
7294.58	1.09736e-22
7311.39	1.09989e-22
7328.25	1.10243e-22
7345.14	1.10497e-22
7362.07	1.10752e-22
7379.04	1.11007e-22
7396.05	1.11263e-22
7413.1	1.1152e-22
7430.19	1.11777e-22
7447.32	1.12035e-22
7464.49	1.12294e-22
7481.7	1.12553e-22
7498.94	1.12812e-22
7516.23	1.13073e-22
7533.56	1.13334e-22
7550.92	1.13595e-22
7568.33	1.13857e-22
7585.78	1.1412e-22
7603.26	1.14383e-22
7620.79	1.14647e-22
7638.36	1.14911e-22
7655.97	1.15176e-22
7673.61	1.15442e-22
7691.3	1.15708e-22
7709.03	1.15975e-22
7726.81	1.16243e-22
7744.62	1.16511e-22
7762.47	1.1678e-22
7780.37	1.17049e-22
7798.3	1.17319e-22
7816.28	1.1759e-22
7834.3	1.17861e-22
7852.36	1.18133e-22
7870.46	1.18406e-22
7888.6	1.18679e-22
7906.79	1.18952e-22
7925.01	1.19227e-22
7943.28	1.19502e-22
7961.59	1.19778e-22
7979.95	1.20054e-22
7998.34	1.20331e-22
8016.78	1.20608e-22
8035.26	1.20887e-22
8053.78	1.21165e-22
8072.35	1.21445e-22
8090.96	1.21725e-22
8109.61	1.22006e-22
8128.31	1.22287e-22
8147.04	1.22569e-22
8165.82	1.22852e-22
8184.65	1.23135e-22
8203.52	1.2342e-22
8222.43	1.23704e-22
8241.38	1.2399e-22
8260.38	1.24276e-22
8279.42	1.24562e-22
8298.51	1.2485e-22
8317.64	1.25138e-22
8336.81	1.25426e-22
8356.03	1.25716e-22
8375.29	1.26005e-22
8394.6	1.26296e-22
8413.95	1.26587e-22
8433.35	1.26879e-22
8452.79	1.27172e-22
8472.27	1.27465e-22
8491.8	1.27759e-22
8511.38	1.28054e-22
8531	1.2835e-22
8550.67	1.28646e-22
8570.38	1.28942e-22
8590.14	1.2924e-22
8609.94	1.29538e-22
8629.79	1.29837e-22
8649.68	1.30136e-22
8669.62	1.30436e-22
8689.6	1.30737e-22
8709.64	1.31039e-22
8729.71	1.31341e-22
8749.84	1.31644e-22
8770.01	1.31947e-22
8790.23	1.32252e-22
8810.49	1.32557e-22
8830.8	1.32863e-22
8851.16	1.33169e-22
8871.56	1.33476e-22
8892.01	1.33784e-22
8912.51	1.34093e-22
8933.05	1.34402e-22
8953.65	1.34712e-22
8974.29	1.35023e-22
8994.98	1.35334e-22
9015.71	1.35646e-22
9036.49	1.35959e-22
9057.33	1.36273e-22
9078.21	1.36587e-22
9099.13	1.36902e-22
9120.11	1.37218e-22
9141.13	1.37534e-22
9162.2	1.37851e-22
9183.33	1.38169e-22
9204.5	1.38488e-22
9225.71	1.38807e-22
9246.98	1.39128e-22
9268.3	1.39448e-22
9289.66	1.3977e-22
9311.08	1.40092e-22
9332.54	1.40416e-22
9354.06	1.40739e-22
9375.62	1.41064e-22
9397.23	1.41389e-22
9418.9	1.41715e-22
9440.61	1.42042e-22
9462.37	1.4237e-22
9484.18	1.42698e-22
9506.05	1.43027e-22
9527.96	1.43357e-22
9549.93	1.43688e-22
9571.94	1.44019e-22
9594.01	1.44351e-22
9616.12	1.44684e-22
9638.29	1.45018e-22
9660.51	1.45352e-22
9682.78	1.45688e-22
9705.1	1.46024e-22
9727.47	1.4636e-22
9749.9	1.46698e-22
9772.37	1.47036e-22
9794.9	1.47375e-22
9817.48	1.47715e-22
9840.11	1.48056e-22
9862.79	1.48397e-22
9885.53	1.4874e-22
9908.32	1.49083e-22
9931.16	1.49427e-22
9954.05	1.49771e-22
9977	1.50117e-22
10000	1.50463e-22
