# https://dcc.ligo.org/LIGO-T1500293-v11/public
5   1.7021e-20
5.0127  1.6583e-20
5.0254  1.6159e-20
5.0382  1.575e-20
5.0509  1.5354e-20
5.0638  1.4973e-20
5.0766  1.4605e-20
5.0895  1.4251e-20
5.1024  1.391e-20
5.1154  1.3583e-20
5.1283  1.3269e-20
5.1414  1.297e-20
5.1544  1.2684e-20
5.1675  1.2413e-20
5.1806  1.2157e-20
5.1937  1.1917e-20
5.2069  1.1694e-20
5.2201  1.1489e-20
5.2334  1.1304e-20
5.2467  1.114e-20
5.26    1.1e-20
5.2733  1.0889e-20
5.2867  1.081e-20
5.3001  1.077e-20
5.3136  1.0777e-20
5.3271  1.0842e-20
5.3406  1.0981e-20
5.3541  1.1217e-20
5.3677  1.1583e-20
5.3813  1.2129e-20
5.395   1.2938e-20
5.4087  1.4145e-20
5.4224  1.6002e-20
5.4362  1.9023e-20
5.45    2.4455e-20
5.4638  3.6307e-20
5.4777  7.8525e-20
5.4916  3.1153e-19
5.5055  5.0332e-20
5.5195  2.7163e-20
5.5335  1.864e-20
5.5475  1.4277e-20
5.5616  1.1657e-20
5.5757  9.9266e-21
5.5899  8.7052e-21
5.604   7.8002e-21
5.6183  7.103e-21
5.6325  6.5488e-21
5.6468  6.0964e-21
5.6612  5.7184e-21
5.6755  5.3965e-21
5.6899  5.1177e-21
5.7044  4.8725e-21
5.7188  4.6541e-21
5.7333  4.4575e-21
5.7479  4.2787e-21
5.7625  4.1148e-21
5.7771  3.9634e-21
5.7918  3.8226e-21
5.8065  3.6912e-21
5.8212  3.5677e-21
5.836   3.4513e-21
5.8508  3.3412e-21
5.8656  3.2367e-21
5.8805  3.1372e-21
5.8954  3.0423e-21
5.9104  2.9515e-21
5.9254  2.8647e-21
5.9404  2.7813e-21
5.9555  2.7012e-21
5.9706  2.6242e-21
5.9858  2.55e-21
6.001   2.4785e-21
6.0162  2.4096e-21
6.0315  2.343e-21
6.0468  2.2786e-21
6.0621  2.2164e-21
6.0775  2.1562e-21
6.0929  2.0979e-21
6.1084  2.0415e-21
6.1239  1.9868e-21
6.1394  1.9338e-21
6.155   1.8825e-21
6.1706  1.8327e-21
6.1863  1.7843e-21
6.202   1.7374e-21
6.2177  1.6919e-21
6.2335  1.6477e-21
6.2493  1.6048e-21
6.2652  1.5631e-21
6.2811  1.5226e-21
6.297   1.4832e-21
6.313   1.445e-21
6.329   1.4078e-21
6.3451  1.3717e-21
6.3612  1.3366e-21
6.3773  1.3024e-21
6.3935  1.2692e-21
6.4097  1.2369e-21
6.426   1.2055e-21
6.4423  1.175e-21
6.4586  1.1453e-21
6.475   1.1163e-21
6.4915  1.0882e-21
6.5079  1.0608e-21
6.5245  1.0342e-21
6.541   1.0083e-21
6.5576  9.8304e-22
6.5743  9.5848e-22
6.5909  9.3458e-22
6.6077  9.1131e-22
6.6244  8.8866e-22
6.6412  8.6661e-22
6.6581  8.4514e-22
6.675   8.2423e-22
6.6919  8.0388e-22
6.7089  7.8406e-22
6.7259  7.6476e-22
6.743   7.4596e-22
6.7601  7.2766e-22
6.7773  7.0984e-22
6.7945  6.9247e-22
6.8117  6.7556e-22
6.829   6.5909e-22
6.8463  6.4305e-22
6.8637  6.2742e-22
6.8811  6.122e-22
6.8986  5.9737e-22
6.9161  5.8292e-22
6.9336  5.6885e-22
6.9512  5.5514e-22
6.9689  5.4178e-22
6.9866  5.2876e-22
7.0043  5.1608e-22
7.0221  5.0372e-22
7.0399  4.9168e-22
7.0578  4.7994e-22
7.0757  4.6851e-22
7.0936  4.5736e-22
7.1116  4.4651e-22
7.1297  4.3592e-22
7.1478  4.2561e-22
7.1659  4.1556e-22
7.1841  4.0576e-22
7.2023  3.9621e-22
7.2206  3.869e-22
7.2389  3.7783e-22
7.2573  3.6899e-22
7.2757  3.6037e-22
7.2942  3.5197e-22
7.3127  3.4378e-22
7.3312  3.358e-22
7.3498  3.2802e-22
7.3685  3.2043e-22
7.3872  3.1303e-22
7.4059  3.0582e-22
7.4247  2.9879e-22
7.4436  2.9194e-22
7.4625  2.8526e-22
7.4814  2.7874e-22
7.5004  2.7239e-22
7.5194  2.662e-22
7.5385  2.6016e-22
7.5576  2.5427e-22
7.5768  2.4852e-22
7.596   2.4293e-22
7.6153  2.3747e-22
7.6346  2.3214e-22
7.654   2.2695e-22
7.6734  2.2188e-22
7.6929  2.1695e-22
7.7124  2.1213e-22
7.732   2.0743e-22
7.7516  2.0285e-22
7.7713  1.9839e-22
7.791   1.9403e-22
7.8108  1.8978e-22
7.8306  1.8563e-22
7.8505  1.8159e-22
7.8704  1.7765e-22
7.8904  1.738e-22
7.9104  1.7005e-22
7.9305  1.6639e-22
7.9506  1.6282e-22
7.9708  1.5933e-22
7.991   1.5594e-22
8.0113  1.5262e-22
8.0316  1.4939e-22
8.052   1.4623e-22
8.0724  1.4316e-22
8.0929  1.4015e-22
8.1135  1.3722e-22
8.134   1.3437e-22
8.1547  1.3158e-22
8.1754  1.2886e-22
8.1961  1.262e-22
8.2169  1.2361e-22
8.2378  1.2108e-22
8.2587  1.1862e-22
8.2796  1.1621e-22
8.3006  1.1386e-22
8.3217  1.1157e-22
8.3428  1.0933e-22
8.364   1.0715e-22
8.3852  1.0502e-22
8.4065  1.0294e-22
8.4278  1.0091e-22
8.4492  9.8928e-23
8.4707  9.6995e-23
8.4922  9.5108e-23
8.5137  9.3265e-23
8.5353  9.1467e-23
8.557   8.9712e-23
8.5787  8.7998e-23
8.6005  8.6325e-23
8.6223  8.4692e-23
8.6442  8.3098e-23
8.6661  8.1541e-23
8.6881  8.0021e-23
8.7101  7.8537e-23
8.7323  7.7087e-23
8.7544  7.5672e-23
8.7766  7.429e-23
8.7989  7.2941e-23
8.8212  7.1623e-23
8.8436  7.0336e-23
8.8661  6.9079e-23
8.8886  6.7851e-23
8.9111  6.6651e-23
8.9337  6.548e-23
8.9564  6.4335e-23
8.9791  6.3217e-23
9.0019  6.2125e-23
9.0248  6.1058e-23
9.0477  6.0015e-23
9.0706  5.8996e-23
9.0936  5.8001e-23
9.1167  5.7028e-23
9.1398  5.6077e-23
9.163   5.5147e-23
9.1863  5.4239e-23
9.2096  5.3351e-23
9.233   5.2483e-23
9.2564  5.1635e-23
9.2799  5.0805e-23
9.3034  4.9994e-23
9.3271  4.9201e-23
9.3507  4.8426e-23
9.3745  4.7667e-23
9.3982  4.6926e-23
9.4221  4.62e-23
9.446   4.549e-23
9.47    4.4796e-23
9.494   4.4117e-23
9.5181  4.3453e-23
9.5423  4.2803e-23
9.5665  4.2167e-23
9.5907  4.1544e-23
9.6151  4.0935e-23
9.6395  4.0338e-23
9.6639  3.9754e-23
9.6885  3.9183e-23
9.7131  3.8623e-23
9.7377  3.8075e-23
9.7624  3.7539e-23
9.7872  3.7013e-23
9.812   3.6498e-23
9.8369  3.5994e-23
9.8619  3.55e-23
9.8869  3.5017e-23
9.912   3.4542e-23
9.9372  3.4078e-23
9.9624  3.3623e-23
9.9877  3.3176e-23
10.013  3.2739e-23
10.038  3.231e-23
10.064  3.189e-23
10.089  3.1479e-23
10.115  3.1075e-23
10.141  3.068e-23
10.166  3.0292e-23
10.192  2.9912e-23
10.218  2.9539e-23
10.244  2.9173e-23
10.27   2.8814e-23
10.296  2.8462e-23
10.322  2.8116e-23
10.348  2.7777e-23
10.375  2.7445e-23
10.401  2.7118e-23
10.427  2.6797e-23
10.454  2.6482e-23
10.48   2.6173e-23
10.507  2.5869e-23
10.534  2.557e-23
10.56   2.5277e-23
10.587  2.4989e-23
10.614  2.4706e-23
10.641  2.4428e-23
10.668  2.4154e-23
10.695  2.3885e-23
10.722  2.3621e-23
10.749  2.336e-23
10.777  2.3105e-23
10.804  2.2853e-23
10.831  2.2606e-23
10.859  2.2362e-23
10.886  2.2123e-23
10.914  2.1887e-23
10.942  2.1655e-23
10.97   2.1426e-23
10.997  2.1201e-23
11.025  2.098e-23
11.053  2.0762e-23
11.081  2.0547e-23
11.109  2.0336e-23
11.138  2.0128e-23
11.166  1.9923e-23
11.194  1.972e-23
11.223  1.9521e-23
11.251  1.9325e-23
11.28   1.9132e-23
11.308  1.8941e-23
11.337  1.8753e-23
11.366  1.8568e-23
11.395  1.8386e-23
11.424  1.8206e-23
11.453  1.8028e-23
11.482  1.7853e-23
11.511  1.7681e-23
11.54   1.7511e-23
11.569  1.7343e-23
11.599  1.7177e-23
11.628  1.7014e-23
11.658  1.6853e-23
11.687  1.6694e-23
11.717  1.6537e-23
11.747  1.6382e-23
11.776  1.623e-23
11.806  1.6079e-23
11.836  1.593e-23
11.866  1.5783e-23
11.896  1.5638e-23
11.927  1.5495e-23
11.957  1.5354e-23
11.987  1.5214e-23
12.018  1.5077e-23
12.048  1.4941e-23
12.079  1.4806e-23
12.109  1.4674e-23
12.14   1.4543e-23
12.171  1.4413e-23
12.202  1.4286e-23
12.233  1.416e-23
12.264  1.4035e-23
12.295  1.3912e-23
12.326  1.379e-23
12.357  1.367e-23
12.389  1.3551e-23
12.42   1.3434e-23
12.452  1.3318e-23
12.483  1.3203e-23
12.515  1.309e-23
12.547  1.2978e-23
12.578  1.2868e-23
12.61   1.2758e-23
12.642  1.2651e-23
12.674  1.2544e-23
12.707  1.2438e-23
12.739  1.2334e-23
12.771  1.2231e-23
12.804  1.2129e-23
12.836  1.2028e-23
12.869  1.1929e-23
12.901  1.183e-23
12.934  1.1733e-23
12.967  1.1637e-23
13  1.1542e-23
13.033  1.1448e-23
13.066  1.1354e-23
13.099  1.1262e-23
13.132  1.1172e-23
13.166  1.1082e-23
13.199  1.0993e-23
13.233  1.0905e-23
13.266  1.0818e-23
13.3    1.0732e-23
13.334  1.0646e-23
13.367  1.0562e-23
13.401  1.0479e-23
13.435  1.0397e-23
13.469  1.0315e-23
13.504  1.0234e-23
13.538  1.0155e-23
13.572  1.0076e-23
13.607  9.9978e-24
13.641  9.9206e-24
13.676  9.8443e-24
13.71   9.7687e-24
13.745  9.694e-24
13.78   9.62e-24
13.815  9.5468e-24
13.85   9.4744e-24
13.885  9.4027e-24
13.921  9.3319e-24
13.956  9.2617e-24
13.991  9.1923e-24
14.027  9.1236e-24
14.062  9.0556e-24
14.098  8.9883e-24
14.134  8.9217e-24
14.17   8.8558e-24
14.206  8.7906e-24
14.242  8.7261e-24
14.278  8.6622e-24
14.314  8.5989e-24
14.35   8.5363e-24
14.387  8.4744e-24
14.423  8.4131e-24
14.46   8.3524e-24
14.497  8.2923e-24
14.533  8.2328e-24
14.57   8.1739e-24
14.607  8.1157e-24
14.644  8.058e-24
14.682  8.0008e-24
14.719  7.9443e-24
14.756  7.8883e-24
14.794  7.8329e-24
14.831  7.778e-24
14.869  7.7236e-24
14.907  7.6698e-24
14.944  7.6166e-24
14.982  7.5638e-24
15.02   7.5116e-24
15.058  7.4599e-24
15.097  7.4087e-24
15.135  7.358e-24
15.173  7.3077e-24
15.212  7.258e-24
15.25   7.2088e-24
15.289  7.16e-24
15.328  7.1117e-24
15.367  7.0639e-24
15.406  7.0165e-24
15.445  6.9696e-24
15.484  6.9231e-24
15.523  6.8771e-24
15.563  6.8315e-24
15.602  6.7863e-24
15.642  6.7416e-24
15.682  6.6973e-24
15.721  6.6534e-24
15.761  6.6099e-24
15.801  6.5669e-24
15.841  6.5242e-24
15.882  6.4819e-24
15.922  6.4401e-24
15.962  6.3986e-24
16.003  6.3575e-24
16.043  6.3168e-24
16.084  6.2765e-24
16.125  6.2365e-24
16.166  6.1969e-24
16.207  6.1577e-24
16.248  6.1188e-24
16.289  6.0803e-24
16.331  6.0422e-24
16.372  6.0043e-24
16.414  5.9669e-24
16.455  5.9298e-24
16.497  5.893e-24
16.539  5.8565e-24
16.581  5.8204e-24
16.623  5.7846e-24
16.665  5.7491e-24
16.707  5.7139e-24
16.75   5.6791e-24
16.792  5.6445e-24
16.835  5.6103e-24
16.878  5.5764e-24
16.92   5.5427e-24
16.963  5.5094e-24
17.006  5.4764e-24
17.05   5.4436e-24
17.093  5.4112e-24
17.136  5.379e-24
17.18   5.3471e-24
17.223  5.3155e-24
17.267  5.2841e-24
17.311  5.2531e-24
17.355  5.2223e-24
17.399  5.1917e-24
17.443  5.1615e-24
17.487  5.1315e-24
17.532  5.1017e-24
17.576  5.0722e-24
17.621  5.043e-24
17.665  5.014e-24
17.71   4.9852e-24
17.755  4.9567e-24
17.8    4.9284e-24
17.845  4.9004e-24
17.891  4.8726e-24
17.936  4.8451e-24
17.982  4.8177e-24
18.027  4.7906e-24
18.073  4.7638e-24
18.119  4.7371e-24
18.165  4.7107e-24
18.211  4.6845e-24
18.257  4.6585e-24
18.303  4.6327e-24
18.35   4.6071e-24
18.396  4.5818e-24
18.443  4.5566e-24
18.49   4.5317e-24
18.537  4.507e-24
18.584  4.4824e-24
18.631  4.4581e-24
18.678  4.4339e-24
18.726  4.41e-24
18.773  4.3863e-24
18.821  4.3627e-24
18.869  4.3393e-24
18.917  4.3161e-24
18.965  4.2931e-24
19.013  4.2703e-24
19.061  4.2477e-24
19.109  4.2252e-24
19.158  4.203e-24
19.206  4.1809e-24
19.255  4.1589e-24
19.304  4.1372e-24
19.353  4.1156e-24
19.402  4.0942e-24
19.451  4.0729e-24
19.501  4.0519e-24
19.55   4.031e-24
19.6    4.0102e-24
19.65   3.9896e-24
19.699  3.9692e-24
19.749  3.9489e-24
19.8    3.9288e-24
19.85   3.9088e-24
19.9    3.889e-24
19.951  3.8693e-24
20.001  3.8498e-24
20.052  3.8305e-24
20.103  3.8113e-24
20.154  3.7922e-24
20.205  3.7733e-24
20.256  3.7545e-24
20.308  3.7359e-24
20.359  3.7174e-24
20.411  3.699e-24
20.463  3.6808e-24
20.515  3.6627e-24
20.567  3.6448e-24
20.619  3.6269e-24
20.671  3.6093e-24
20.724  3.5917e-24
20.776  3.5743e-24
20.829  3.557e-24
20.882  3.5398e-24
20.935  3.5228e-24
20.988  3.5059e-24
21.041  3.4891e-24
21.095  3.4724e-24
21.148  3.4559e-24
21.202  3.4395e-24
21.256  3.4231e-24
21.31   3.407e-24
21.364  3.3909e-24
21.418  3.3749e-24
21.472  3.3591e-24
21.527  3.3434e-24
21.581  3.3278e-24
21.636  3.3123e-24
21.691  3.2969e-24
21.746  3.2816e-24
21.801  3.2665e-24
21.857  3.2514e-24
21.912  3.2364e-24
21.968  3.2216e-24
22.023  3.2069e-24
22.079  3.1922e-24
22.135  3.1777e-24
22.192  3.1633e-24
22.248  3.1489e-24
22.304  3.1347e-24
22.361  3.1206e-24
22.418  3.1066e-24
22.475  3.0926e-24
22.532  3.0788e-24
22.589  3.0651e-24
22.646  3.0514e-24
22.704  3.0379e-24
22.761  3.0244e-24
22.819  3.0111e-24
22.877  2.9978e-24
22.935  2.9846e-24
22.993  2.9716e-24
23.051  2.9586e-24
23.11   2.9457e-24
23.169  2.9329e-24
23.227  2.9201e-24
23.286  2.9075e-24
23.345  2.8949e-24
23.405  2.8825e-24
23.464  2.8701e-24
23.524  2.8578e-24
23.583  2.8456e-24
23.643  2.8335e-24
23.703  2.8214e-24
23.763  2.8095e-24
23.824  2.7976e-24
23.884  2.7858e-24
23.945  2.774e-24
24.005  2.7624e-24
24.066  2.7508e-24
24.127  2.7393e-24
24.189  2.7279e-24
24.25   2.7166e-24
24.312  2.7053e-24
24.373  2.6941e-24
24.435  2.683e-24
24.497  2.672e-24
24.559  2.661e-24
24.622  2.6501e-24
24.684  2.6393e-24
24.747  2.6286e-24
24.81   2.6179e-24
24.873  2.6073e-24
24.936  2.5968e-24
24.999  2.5863e-24
25.062  2.5759e-24
25.126  2.5656e-24
25.19   2.5553e-24
25.254  2.5451e-24
25.318  2.535e-24
25.382  2.5249e-24
25.446  2.5149e-24
25.511  2.505e-24
25.576  2.4952e-24
25.641  2.4854e-24
25.706  2.4756e-24
25.771  2.466e-24
25.836  2.4563e-24
25.902  2.4468e-24
25.968  2.4373e-24
26.033  2.4279e-24
26.1    2.4185e-24
26.166  2.4092e-24
26.232  2.4e-24
26.299  2.3908e-24
26.365  2.3817e-24
26.432  2.3726e-24
26.499  2.3636e-24
26.567  2.3547e-24
26.634  2.3458e-24
26.702  2.337e-24
26.769  2.3282e-24
26.837  2.3195e-24
26.906  2.3108e-24
26.974  2.3022e-24
27.042  2.2936e-24
27.111  2.2851e-24
27.18   2.2767e-24
27.249  2.2683e-24
27.318  2.26e-24
27.387  2.2517e-24
27.457  2.2435e-24
27.526  2.2353e-24
27.596  2.2271e-24
27.666  2.2191e-24
27.736  2.211e-24
27.807  2.2031e-24
27.877  2.1951e-24
27.948  2.1873e-24
28.019  2.1795e-24
28.09   2.1717e-24
28.161  2.164e-24
28.233  2.1563e-24
28.305  2.1486e-24
28.376  2.1411e-24
28.448  2.1335e-24
28.521  2.1261e-24
28.593  2.1186e-24
28.665  2.1112e-24
28.738  2.1039e-24
28.811  2.0966e-24
28.884  2.0893e-24
28.958  2.0821e-24
29.031  2.075e-24
29.105  2.0678e-24
29.179  2.0608e-24
29.253  2.0537e-24
29.327  2.0467e-24
29.401  2.0398e-24
29.476  2.0329e-24
29.551  2.026e-24
29.626  2.0192e-24
29.701  2.0125e-24
29.776  2.0057e-24
29.852  1.999e-24
29.928  1.9924e-24
30.004  1.9858e-24
30.08   1.9792e-24
30.156  1.9727e-24
30.233  1.9662e-24
30.309  1.9598e-24
30.386  1.9534e-24
30.463  1.947e-24
30.541  1.9407e-24
30.618  1.9344e-24
30.696  1.9281e-24
30.774  1.9219e-24
30.852  1.9158e-24
30.93   1.9096e-24
31.009  1.9035e-24
31.087  1.8975e-24
31.166  1.8914e-24
31.245  1.8855e-24
31.325  1.8795e-24
31.404  1.8736e-24
31.484  1.8677e-24
31.564  1.8619e-24
31.644  1.8561e-24
31.724  1.8503e-24
31.804  1.8446e-24
31.885  1.8389e-24
31.966  1.8332e-24
32.047  1.8276e-24
32.129  1.822e-24
32.21   1.8164e-24
32.292  1.8109e-24
32.374  1.8054e-24
32.456  1.7999e-24
32.538  1.7945e-24
32.621  1.7891e-24
32.704  1.7837e-24
32.787  1.7784e-24
32.87   1.7731e-24
32.953  1.7678e-24
33.037  1.7626e-24
33.121  1.7574e-24
33.205  1.7522e-24
33.289  1.7471e-24
33.374  1.742e-24
33.458  1.7369e-24
33.543  1.7319e-24
33.628  1.7268e-24
33.714  1.7219e-24
33.799  1.7169e-24
33.885  1.712e-24
33.971  1.7071e-24
34.057  1.7022e-24
34.144  1.6974e-24
34.23   1.6925e-24
34.317  1.6878e-24
34.404  1.683e-24
34.491  1.6783e-24
34.579  1.6736e-24
34.667  1.6689e-24
34.755  1.6643e-24
34.843  1.6596e-24
34.931  1.6551e-24
35.02   1.6505e-24
35.109  1.646e-24
35.198  1.6415e-24
35.287  1.637e-24
35.377  1.6325e-24
35.467  1.6281e-24
35.557  1.6237e-24
35.647  1.6193e-24
35.737  1.615e-24
35.828  1.6107e-24
35.919  1.6064e-24
36.01   1.6021e-24
36.101  1.5978e-24
36.193  1.5936e-24
36.285  1.5894e-24
36.377  1.5852e-24
36.469  1.5811e-24
36.562  1.577e-24
36.655  1.5729e-24
36.748  1.5688e-24
36.841  1.5647e-24
36.934  1.5607e-24
37.028  1.5567e-24
37.122  1.5527e-24
37.216  1.5488e-24
37.311  1.5448e-24
37.405  1.5409e-24
37.5    1.537e-24
37.595  1.5331e-24
37.691  1.5293e-24
37.787  1.5255e-24
37.882  1.5217e-24
37.979  1.5179e-24
38.075  1.5141e-24
38.172  1.5104e-24
38.268  1.5067e-24
38.366  1.503e-24
38.463  1.4993e-24
38.56   1.4957e-24
38.658  1.492e-24
38.756  1.4884e-24
38.855  1.4849e-24
38.953  1.4813e-24
39.052  1.4777e-24
39.151  1.4742e-24
39.251  1.4707e-24
39.35   1.4672e-24
39.45   1.4638e-24
39.55   1.4603e-24
39.651  1.4569e-24
39.751  1.4535e-24
39.852  1.4501e-24
39.953  1.4467e-24
40.055  1.4434e-24
40.156  1.44e-24
40.258  1.4367e-24
40.36   1.4334e-24
40.463  1.4302e-24
40.565  1.4269e-24
40.668  1.4237e-24
40.772  1.4204e-24
40.875  1.4172e-24
40.979  1.4141e-24
41.083  1.4109e-24
41.187  1.4078e-24
41.292  1.4046e-24
41.396  1.4015e-24
41.501  1.3984e-24
41.607  1.3953e-24
41.712  1.3923e-24
41.818  1.3892e-24
41.924  1.3862e-24
42.031  1.3832e-24
42.137  1.3802e-24
42.244  1.3772e-24
42.351  1.3743e-24
42.459  1.3713e-24
42.567  1.3684e-24
42.675  1.3655e-24
42.783  1.3626e-24
42.892  1.3597e-24
43  1.3569e-24
43.11   1.354e-24
43.219  1.3512e-24
43.329  1.3484e-24
43.439  1.3456e-24
43.549  1.3428e-24
43.659  1.34e-24
43.77   1.3373e-24
43.881  1.3345e-24
43.993  1.3318e-24
44.104  1.3291e-24
44.216  1.3264e-24
44.328  1.3237e-24
44.441  1.3211e-24
44.554  1.3184e-24
44.667  1.3158e-24
44.78   1.3132e-24
44.894  1.3106e-24
45.008  1.308e-24
45.122  1.3054e-24
45.236  1.3028e-24
45.351  1.3003e-24
45.466  1.2977e-24
45.582  1.2952e-24
45.697  1.2927e-24
45.813  1.2902e-24
45.929  1.2877e-24
46.046  1.2853e-24
46.163  1.2828e-24
46.28   1.2804e-24
46.397  1.2779e-24
46.515  1.2755e-24
46.633  1.2731e-24
46.752  1.2707e-24
46.87   1.2683e-24
46.989  1.266e-24
47.108  1.2636e-24
47.228  1.2613e-24
47.348  1.2589e-24
47.468  1.2566e-24
47.588  1.2543e-24
47.709  1.252e-24
47.83   1.2498e-24
47.952  1.2475e-24
48.073  1.2452e-24
48.195  1.243e-24
48.318  1.2408e-24
48.44   1.2385e-24
48.563  1.2363e-24
48.686  1.2341e-24
48.81   1.232e-24
48.934  1.2298e-24
49.058  1.2276e-24
49.183  1.2255e-24
49.307  1.2233e-24
49.432  1.2212e-24
49.558  1.2191e-24
49.684  1.217e-24
49.81   1.2149e-24
49.936  1.2128e-24
50.063  1.2107e-24
50.19   1.2087e-24
50.317  1.2066e-24
50.445  1.2046e-24
50.573  1.2025e-24
50.701  1.2005e-24
50.83   1.1985e-24
50.959  1.1965e-24
51.088  1.1945e-24
51.218  1.1926e-24
51.348  1.1906e-24
51.478  1.1886e-24
51.609  1.1867e-24
51.74   1.1847e-24
51.871  1.1828e-24
52.003  1.1809e-24
52.135  1.179e-24
52.267  1.1771e-24
52.4    1.1752e-24
52.533  1.1733e-24
52.666  1.1714e-24
52.8    1.1696e-24
52.934  1.1677e-24
53.068  1.1659e-24
53.203  1.1641e-24
53.338  1.1622e-24
53.473  1.1604e-24
53.609  1.1586e-24
53.745  1.1568e-24
53.881  1.155e-24
54.018  1.1533e-24
54.155  1.1515e-24
54.292  1.1497e-24
54.43   1.148e-24
54.568  1.1462e-24
54.707  1.1445e-24
54.846  1.1428e-24
54.985  1.1411e-24
55.124  1.1394e-24
55.264  1.1377e-24
55.404  1.136e-24
55.545  1.1343e-24
55.686  1.1326e-24
55.827  1.1309e-24
55.969  1.1293e-24
56.111  1.1276e-24
56.253  1.126e-24
56.396  1.1244e-24
56.539  1.1227e-24
56.683  1.1211e-24
56.827  1.1195e-24
56.971  1.1179e-24
57.115  1.1163e-24
57.26   1.1147e-24
57.406  1.1132e-24
57.551  1.1116e-24
57.697  1.11e-24
57.844  1.1085e-24
57.99   1.1069e-24
58.138  1.1054e-24
58.285  1.1039e-24
58.433  1.1023e-24
58.581  1.1008e-24
58.73   1.0993e-24
58.879  1.0978e-24
59.029  1.0963e-24
59.178  1.0948e-24
59.328  1.0933e-24
59.479  1.0919e-24
59.63   1.0904e-24
59.781  1.0889e-24
59.933  1.0875e-24
60.085  1.086e-24
60.238  1.0846e-24
60.39   1.0832e-24
60.544  1.0817e-24
60.697  1.0803e-24
60.851  1.0789e-24
61.006  1.0775e-24
61.161  1.0761e-24
61.316  1.0747e-24
61.471  1.0733e-24
61.627  1.072e-24
61.784  1.0706e-24
61.941  1.0692e-24
62.098  1.0679e-24
62.255  1.0665e-24
62.413  1.0652e-24
62.572  1.0638e-24
62.731  1.0625e-24
62.89   1.0612e-24
63.049  1.0599e-24
63.209  1.0586e-24
63.37   1.0572e-24
63.531  1.0559e-24
63.692  1.0547e-24
63.853  1.0534e-24
64.015  1.0521e-24
64.178  1.0508e-24
64.341  1.0495e-24
64.504  1.0483e-24
64.668  1.047e-24
64.832  1.0458e-24
64.996  1.0445e-24
65.161  1.0433e-24
65.327  1.042e-24
65.492  1.0408e-24
65.659  1.0396e-24
65.825  1.0384e-24
65.992  1.0372e-24
66.16   1.036e-24
66.328  1.0347e-24
66.496  1.0336e-24
66.665  1.0324e-24
66.834  1.0312e-24
67.003  1.03e-24
67.174  1.0288e-24
67.344  1.0277e-24
67.515  1.0265e-24
67.686  1.0253e-24
67.858  1.0242e-24
68.03   1.023e-24
68.203  1.0219e-24
68.376  1.0208e-24
68.549  1.0196e-24
68.723  1.0185e-24
68.898  1.0174e-24
69.073  1.0163e-24
69.248  1.0152e-24
69.424  1.0141e-24
69.6    1.013e-24
69.776  1.0119e-24
69.953  1.0108e-24
70.131  1.0097e-24
70.309  1.0086e-24
70.487  1.0075e-24
70.666  1.0065e-24
70.846  1.0054e-24
71.025  1.0044e-24
71.206  1.0033e-24
71.386  1.0022e-24
71.567  1.0012e-24
71.749  1.0002e-24
71.931  9.9912e-25
72.114  9.9809e-25
72.297  9.9707e-25
72.48   9.9604e-25
72.664  9.9503e-25
72.849  9.9402e-25
73.033  9.9301e-25
73.219  9.92e-25
73.405  9.9101e-25
73.591  9.9001e-25
73.778  9.8902e-25
73.965  9.8804e-25
74.152  9.8706e-25
74.341  9.8608e-25
74.529  9.8511e-25
74.718  9.8414e-25
74.908  9.8318e-25
75.098  9.8222e-25
75.289  9.8126e-25
75.48   9.8031e-25
75.671  9.7937e-25
75.863  9.7843e-25
76.056  9.7749e-25
76.249  9.7656e-25
76.442  9.7563e-25
76.636  9.747e-25
76.831  9.7378e-25
77.026  9.7287e-25
77.221  9.7196e-25
77.417  9.7105e-25
77.614  9.7014e-25
77.811  9.6924e-25
78.008  9.6835e-25
78.206  9.6746e-25
78.405  9.6657e-25
78.604  9.6569e-25
78.803  9.6481e-25
79.003  9.6393e-25
79.203  9.6306e-25
79.404  9.6219e-25
79.606  9.6133e-25
79.808  9.6047e-25
80.011  9.5961e-25
80.214  9.5876e-25
80.417  9.5791e-25
80.621  9.5706e-25
80.826  9.5622e-25
81.031  9.5539e-25
81.237  9.5455e-25
81.443  9.5372e-25
81.649  9.529e-25
81.857  9.5208e-25
82.064  9.5126e-25
82.273  9.5044e-25
82.481  9.4963e-25
82.691  9.4883e-25
82.9    9.4802e-25
83.111  9.4722e-25
83.322  9.4643e-25
83.533  9.4563e-25
83.745  9.4484e-25
83.958  9.4406e-25
84.171  9.4328e-25
84.384  9.425e-25
84.598  9.4172e-25
84.813  9.4095e-25
85.028  9.4018e-25
85.244  9.3942e-25
85.461  9.3866e-25
85.677  9.379e-25
85.895  9.3715e-25
86.113  9.3639e-25
86.331  9.3565e-25
86.55   9.349e-25
86.77   9.3416e-25
86.99   9.3343e-25
87.211  9.3269e-25
87.432  9.3196e-25
87.654  9.3123e-25
87.877  9.3051e-25
88.1    9.2979e-25
88.323  9.2907e-25
88.547  9.2836e-25
88.772  9.2765e-25
88.997  9.2694e-25
89.223  9.2624e-25
89.45   9.2554e-25
89.677  9.2484e-25
89.904  9.2415e-25
90.132  9.2345e-25
90.361  9.2277e-25
90.59   9.2208e-25
90.82   9.214e-25
91.051  9.2072e-25
91.282  9.2005e-25
91.513  9.1937e-25
91.746  9.1871e-25
91.978  9.1804e-25
92.212  9.1738e-25
92.446  9.1672e-25
92.68   9.1606e-25
92.916  9.1541e-25
93.151  9.1476e-25
93.388  9.1411e-25
93.625  9.1347e-25
93.862  9.1282e-25
94.101  9.1219e-25
94.339  9.1155e-25
94.579  9.1092e-25
94.819  9.1029e-25
95.059  9.0966e-25
95.301  9.0904e-25
95.543  9.0842e-25
95.785  9.078e-25
96.028  9.0719e-25
96.272  9.0658e-25
96.516  9.0597e-25
96.761  9.0536e-25
97.007  9.0476e-25
97.253  9.0416e-25
97.5    9.0357e-25
97.747  9.0297e-25
97.995  9.0238e-25
98.244  9.0179e-25
98.493  9.0121e-25
98.743  9.0063e-25
98.993  9.0005e-25
99.245  8.9947e-25
99.497  8.989e-25
99.749  8.9833e-25
100 8.9776e-25
100.26  8.9719e-25
100.51  8.9663e-25
100.77  8.9607e-25
101.02  8.9551e-25
101.28  8.9496e-25
101.53  8.9441e-25
101.79  8.9386e-25
102.05  8.9331e-25
102.31  8.9277e-25
102.57  8.9223e-25
102.83  8.9169e-25
103.09  8.9116e-25
103.35  8.9063e-25
103.61  8.901e-25
103.88  8.8957e-25
104.14  8.8905e-25
104.41  8.8853e-25
104.67  8.8801e-25
104.94  8.875e-25
105.2   8.8698e-25
105.47  8.8647e-25
105.74  8.8597e-25
106 8.8546e-25
106.27  8.8496e-25
106.54  8.8446e-25
106.81  8.8396e-25
107.09  8.8347e-25
107.36  8.8298e-25
107.63  8.8249e-25
107.9   8.82e-25
108.18  8.8152e-25
108.45  8.8104e-25
108.73  8.8056e-25
109 8.8009e-25
109.28  8.7961e-25
109.56  8.7914e-25
109.83  8.7868e-25
110.11  8.7821e-25
110.39  8.7775e-25
110.67  8.7729e-25
110.95  8.7683e-25
111.23  8.7638e-25
111.52  8.7593e-25
111.8   8.7548e-25
112.08  8.7503e-25
112.37  8.7459e-25
112.65  8.7415e-25
112.94  8.7371e-25
113.23  8.7327e-25
113.51  8.7284e-25
113.8   8.7241e-25
114.09  8.7198e-25
114.38  8.7155e-25
114.67  8.7113e-25
114.96  8.7071e-25
115.25  8.7029e-25
115.54  8.6988e-25
115.84  8.6946e-25
116.13  8.6905e-25
116.43  8.6865e-25
116.72  8.6824e-25
117.02  8.6784e-25
117.32  8.6744e-25
117.61  8.6704e-25
117.91  8.6665e-25
118.21  8.6625e-25
118.51  8.6586e-25
118.81  8.6548e-25
119.11  8.6509e-25
119.42  8.6471e-25
119.72  8.6433e-25
120.02  8.6395e-25
120.33  8.6358e-25
120.63  8.632e-25
120.94  8.6283e-25
121.24  8.6247e-25
121.55  8.621e-25
121.86  8.6174e-25
122.17  8.6138e-25
122.48  8.6102e-25
122.79  8.6067e-25
123.1   8.6032e-25
123.42  8.5997e-25
123.73  8.5962e-25
124.04  8.5928e-25
124.36  8.5893e-25
124.67  8.5859e-25
124.99  8.5826e-25
125.31  8.5792e-25
125.62  8.5759e-25
125.94  8.5726e-25
126.26  8.5694e-25
126.58  8.5661e-25
126.9   8.5629e-25
127.23  8.5597e-25
127.55  8.5565e-25
127.87  8.5534e-25
128.2   8.5503e-25
128.52  8.5472e-25
128.85  8.5441e-25
129.18  8.5411e-25
129.5   8.538e-25
129.83  8.535e-25
130.16  8.5321e-25
130.49  8.5291e-25
130.82  8.5262e-25
131.16  8.5233e-25
131.49  8.5205e-25
131.82  8.5176e-25
132.16  8.5148e-25
132.49  8.512e-25
132.83  8.5092e-25
133.16  8.5065e-25
133.5   8.5038e-25
133.84  8.5011e-25
134.18  8.4984e-25
134.52  8.4958e-25
134.86  8.4932e-25
135.21  8.4906e-25
135.55  8.488e-25
135.89  8.4855e-25
136.24  8.483e-25
136.58  8.4805e-25
136.93  8.478e-25
137.28  8.4756e-25
137.63  8.4732e-25
137.97  8.4708e-25
138.32  8.4684e-25
138.68  8.4661e-25
139.03  8.4638e-25
139.38  8.4615e-25
139.73  8.4592e-25
140.09  8.457e-25
140.44  8.4548e-25
140.8   8.4526e-25
141.16  8.4504e-25
141.52  8.4483e-25
141.88  8.4462e-25
142.24  8.4441e-25
142.6   8.442e-25
142.96  8.44e-25
143.32  8.438e-25
143.68  8.436e-25
144.05  8.4341e-25
144.42  8.4321e-25
144.78  8.4302e-25
145.15  8.4283e-25
145.52  8.4265e-25
145.89  8.4247e-25
146.26  8.4229e-25
146.63  8.4211e-25
147 8.4193e-25
147.37  8.4176e-25
147.75  8.4159e-25
148.12  8.4143e-25
148.5   8.4126e-25
148.87  8.411e-25
149.25  8.4094e-25
149.63  8.4078e-25
150.01  8.4063e-25
150.39  8.4048e-25
150.77  8.4033e-25
151.16  8.4018e-25
151.54  8.4004e-25
151.92  8.399e-25
152.31  8.3976e-25
152.7   8.3962e-25
153.08  8.3949e-25
153.47  8.3936e-25
153.86  8.3923e-25
154.25  8.3911e-25
154.64  8.3899e-25
155.04  8.3887e-25
155.43  8.3875e-25
155.82  8.3863e-25
156.22  8.3852e-25
156.62  8.3841e-25
157.01  8.3831e-25
157.41  8.382e-25
157.81  8.381e-25
158.21  8.38e-25
158.61  8.3791e-25
159.02  8.3781e-25
159.42  8.3772e-25
159.82  8.3764e-25
160.23  8.3755e-25
160.64  8.3747e-25
161.04  8.3739e-25
161.45  8.3731e-25
161.86  8.3724e-25
162.27  8.3717e-25
162.68  8.371e-25
163.1   8.3703e-25
163.51  8.3697e-25
163.93  8.3691e-25
164.34  8.3685e-25
164.76  8.368e-25
165.18  8.3674e-25
165.6   8.367e-25
166.02  8.3665e-25
166.44  8.366e-25
166.86  8.3656e-25
167.28  8.3653e-25
167.71  8.3649e-25
168.13  8.3646e-25
168.56  8.3643e-25
168.99  8.364e-25
169.42  8.3638e-25
169.85  8.3636e-25
170.28  8.3634e-25
170.71  8.3632e-25
171.14  8.3631e-25
171.58  8.363e-25
172.01  8.3629e-25
172.45  8.3629e-25
172.89  8.3629e-25
173.33  8.3629e-25
173.77  8.3629e-25
174.21  8.363e-25
174.65  8.3631e-25
175.09  8.3632e-25
175.54  8.3634e-25
175.98  8.3636e-25
176.43  8.3638e-25
176.88  8.364e-25
177.33  8.3643e-25
177.78  8.3646e-25
178.23  8.3649e-25
178.68  8.3653e-25
179.13  8.3657e-25
179.59  8.3661e-25
180.04  8.3665e-25
180.5   8.367e-25
180.96  8.3675e-25
181.42  8.3681e-25
181.88  8.3686e-25
182.34  8.3692e-25
182.8   8.3699e-25
183.26  8.3705e-25
183.73  8.3712e-25
184.2   8.3719e-25
184.66  8.3727e-25
185.13  8.3735e-25
185.6   8.3743e-25
186.07  8.3751e-25
186.55  8.376e-25
187.02  8.3769e-25
187.49  8.3778e-25
187.97  8.3788e-25
188.45  8.3798e-25
188.92  8.3808e-25
189.4   8.3818e-25
189.88  8.3829e-25
190.37  8.384e-25
190.85  8.3852e-25
191.33  8.3864e-25
191.82  8.3876e-25
192.31  8.3888e-25
192.79  8.3901e-25
193.28  8.3914e-25
193.77  8.3927e-25
194.27  8.3941e-25
194.76  8.3955e-25
195.25  8.3969e-25
195.75  8.3984e-25
196.24  8.3999e-25
196.74  8.4014e-25
197.24  8.403e-25
197.74  8.4045e-25
198.24  8.4062e-25
198.75  8.4078e-25
199.25  8.4095e-25
199.76  8.4112e-25
200.26  8.413e-25
200.77  8.4148e-25
201.28  8.4166e-25
201.79  8.4184e-25
202.31  8.4203e-25
202.82  8.4222e-25
203.33  8.4242e-25
203.85  8.4261e-25
204.37  8.4282e-25
204.89  8.4302e-25
205.41  8.4323e-25
205.93  8.4344e-25
206.45  8.4365e-25
206.97  8.4387e-25
207.5   8.4409e-25
208.02  8.4432e-25
208.55  8.4455e-25
209.08  8.4478e-25
209.61  8.4501e-25
210.14  8.4525e-25
210.68  8.4549e-25
211.21  8.4574e-25
211.75  8.4598e-25
212.29  8.4624e-25
212.82  8.4649e-25
213.36  8.4675e-25
213.91  8.4701e-25
214.45  8.4728e-25
214.99  8.4755e-25
215.54  8.4782e-25
216.09  8.481e-25
216.63  8.4838e-25
217.18  8.4866e-25
217.73  8.4895e-25
218.29  8.4924e-25
218.84  8.4953e-25
219.4   8.4983e-25
219.95  8.5013e-25
220.51  8.5043e-25
221.07  8.5074e-25
221.63  8.5105e-25
222.19  8.5137e-25
222.76  8.5168e-25
223.32  8.5201e-25
223.89  8.5233e-25
224.46  8.5266e-25
225.03  8.53e-25
225.6   8.5333e-25
226.17  8.5367e-25
226.75  8.5402e-25
227.32  8.5436e-25
227.9   8.5472e-25
228.48  8.5507e-25
229.06  8.5543e-25
229.64  8.5579e-25
230.22  8.5616e-25
230.8   8.5653e-25
231.39  8.569e-25
231.98  8.5728e-25
232.57  8.5766e-25
233.16  8.5805e-25
233.75  8.5843e-25
234.34  8.5883e-25
234.94  8.5922e-25
235.53  8.5962e-25
236.13  8.6003e-25
236.73  8.6043e-25
237.33  8.6085e-25
237.93  8.6126e-25
238.54  8.6168e-25
239.14  8.621e-25
239.75  8.6253e-25
240.36  8.6296e-25
240.97  8.634e-25
241.58  8.6383e-25
242.19  8.6428e-25
242.81  8.6472e-25
243.42  8.6517e-25
244.04  8.6563e-25
244.66  8.6609e-25
245.28  8.6655e-25
245.9   8.6702e-25
246.53  8.6749e-25
247.15  8.6796e-25
247.78  8.6844e-25
248.41  8.6892e-25
249.04  8.6941e-25
249.67  8.699e-25
250.3   8.7039e-25
250.94  8.7089e-25
251.58  8.7139e-25
252.21  8.719e-25
252.85  8.7241e-25
253.5   8.7292e-25
254.14  8.7344e-25
254.78  8.7396e-25
255.43  8.7449e-25
256.08  8.7502e-25
256.73  8.7556e-25
257.38  8.761e-25
258.03  8.7664e-25
258.69  8.7719e-25
259.34  8.7774e-25
260 8.783e-25
260.66  8.7886e-25
261.32  8.7942e-25
261.99  8.7999e-25
262.65  8.8056e-25
263.32  8.8114e-25
263.99  8.8172e-25
264.66  8.8231e-25
265.33  8.829e-25
266 8.8349e-25
266.68  8.8409e-25
267.35  8.8469e-25
268.03  8.853e-25
268.71  8.8591e-25
269.39  8.8653e-25
270.08  8.8715e-25
270.76  8.8777e-25
271.45  8.884e-25
272.14  8.8904e-25
272.83  8.8967e-25
273.52  8.9032e-25
274.22  8.9096e-25
274.91  8.9161e-25
275.61  8.9227e-25
276.31  8.9293e-25
277.01  8.9359e-25
277.71  8.9426e-25
278.42  8.9494e-25
279.12  8.9561e-25
279.83  8.963e-25
280.54  8.9698e-25
281.25  8.9768e-25
281.97  8.9837e-25
282.68  8.9907e-25
283.4   8.9978e-25
284.12  9.0049e-25
284.84  9.012e-25
285.56  9.0192e-25
286.29  9.0264e-25
287.02  9.0337e-25
287.74  9.0411e-25
288.47  9.0484e-25
289.21  9.0559e-25
289.94  9.0633e-25
290.68  9.0708e-25
291.41  9.0784e-25
292.15  9.086e-25
292.89  9.0937e-25
293.64  9.1014e-25
294.38  9.1091e-25
295.13  9.1169e-25
295.88  9.1248e-25
296.63  9.1327e-25
297.38  9.1406e-25
298.14  9.1486e-25
298.89  9.1566e-25
299.65  9.1647e-25
300.41  9.1729e-25
301.17  9.181e-25
301.94  9.1893e-25
302.71  9.1976e-25
303.47  9.2059e-25
304.24  9.2143e-25
305.02  9.2227e-25
305.79  9.2312e-25
306.57  9.2397e-25
307.34  9.2483e-25
308.12  9.2569e-25
308.91  9.2656e-25
309.69  9.2743e-25
310.48  9.2831e-25
311.26  9.2919e-25
312.05  9.3008e-25
312.84  9.3097e-25
313.64  9.3187e-25
314.43  9.3277e-25
315.23  9.3368e-25
316.03  9.3459e-25
316.83  9.3551e-25
317.64  9.3643e-25
318.44  9.3736e-25
319.25  9.3829e-25
320.06  9.3923e-25
320.88  9.4017e-25
321.69  9.4112e-25
322.51  9.4207e-25
323.32  9.4303e-25
324.14  9.44e-25
324.97  9.4497e-25
325.79  9.4594e-25
326.62  9.4692e-25
327.45  9.4791e-25
328.28  9.489e-25
329.11  9.4989e-25
329.95  9.5089e-25
330.78  9.519e-25
331.62  9.5291e-25
332.47  9.5393e-25
333.31  9.5495e-25
334.15  9.5598e-25
335 9.5701e-25
335.85  9.5805e-25
336.71  9.5909e-25
337.56  9.6014e-25
338.42  9.6119e-25
339.27  9.6225e-25
340.14  9.6332e-25
341 9.6439e-25
341.86  9.6546e-25
342.73  9.6655e-25
343.6   9.6763e-25
344.47  9.6872e-25
345.35  9.6982e-25
346.22  9.7093e-25
347.1   9.7203e-25
347.98  9.7315e-25
348.87  9.7427e-25
349.75  9.754e-25
350.64  9.7653e-25
351.53  9.7766e-25
352.42  9.7881e-25
353.32  9.7995e-25
354.21  9.8111e-25
355.11  9.8227e-25
356.01  9.8343e-25
356.92  9.846e-25
357.82  9.8578e-25
358.73  9.8696e-25
359.64  9.8815e-25
360.55  9.8934e-25
361.47  9.9054e-25
362.39  9.9175e-25
363.3   9.9296e-25
364.23  9.9417e-25
365.15  9.954e-25
366.08  9.9662e-25
367.01  9.9786e-25
367.94  9.991e-25
368.87  1.0003e-24
369.81  1.0016e-24
370.75  1.0029e-24
371.69  1.0041e-24
372.63  1.0054e-24
373.58  1.0067e-24
374.52  1.0079e-24
375.47  1.0092e-24
376.43  1.0105e-24
377.38  1.0118e-24
378.34  1.0131e-24
379.3   1.0144e-24
380.26  1.0158e-24
381.23  1.0171e-24
382.2   1.0184e-24
383.17  1.0197e-24
384.14  1.0211e-24
385.11  1.0224e-24
386.09  1.0238e-24
387.07  1.0251e-24
388.05  1.0265e-24
389.04  1.0279e-24
390.02  1.0292e-24
391.01  1.0306e-24
392.01  1.032e-24
393 1.0334e-24
394 1.0348e-24
395 1.0362e-24
396 1.0376e-24
397 1.0391e-24
398.01  1.0405e-24
399.02  1.0419e-24
400.04  1.0434e-24
401.05  1.0448e-24
402.07  1.0463e-24
403.09  1.0477e-24
404.11  1.0492e-24
405.14  1.0507e-24
406.16  1.0521e-24
407.2   1.0536e-24
408.23  1.0551e-24
409.26  1.0566e-24
410.3   1.0581e-24
411.34  1.0596e-24
412.39  1.0611e-24
413.43  1.0627e-24
414.48  1.0642e-24
415.54  1.0657e-24
416.59  1.0673e-24
417.65  1.0688e-24
418.71  1.0704e-24
419.77  1.0719e-24
420.84  1.0735e-24
421.9   1.0751e-24
422.97  1.0766e-24
424.05  1.0782e-24
425.12  1.0798e-24
426.2   1.0814e-24
427.28  1.083e-24
428.37  1.0847e-24
429.46  1.0863e-24
430.55  1.0879e-24
431.64  1.0895e-24
432.73  1.0912e-24
433.83  1.0928e-24
434.93  1.0945e-24
436.04  1.0961e-24
437.14  1.0978e-24
438.25  1.0995e-24
439.36  1.1012e-24
440.48  1.1028e-24
441.6   1.1045e-24
442.72  1.1062e-24
443.84  1.108e-24
444.97  1.1097e-24
446.1   1.1114e-24
447.23  1.1131e-24
448.36  1.1149e-24
449.5   1.1166e-24
450.64  1.1183e-24
451.79  1.1201e-24
452.93  1.1219e-24
454.08  1.1236e-24
455.23  1.1254e-24
456.39  1.1272e-24
457.55  1.129e-24
458.71  1.1308e-24
459.87  1.1326e-24
461.04  1.1344e-24
462.21  1.1362e-24
463.38  1.1381e-24
464.56  1.1399e-24
465.74  1.1417e-24
466.92  1.1436e-24
468.1   1.1454e-24
469.29  1.1473e-24
470.48  1.1492e-24
471.68  1.151e-24
472.87  1.1529e-24
474.07  1.1548e-24
475.28  1.1567e-24
476.48  1.1586e-24
477.69  1.1605e-24
478.9   1.1625e-24
480.12  1.1644e-24
481.34  1.1663e-24
482.56  1.1683e-24
483.78  1.1702e-24
485.01  1.1722e-24
486.24  1.1741e-24
487.48  1.1761e-24
488.71  1.1781e-24
489.95  1.1801e-24
491.2   1.1821e-24
492.44  1.1841e-24
493.69  1.1861e-24
494.95  1.1881e-24
496.2   1.1901e-24
497.46  1.1922e-24
498.72  1.1942e-24
499.99  1.1963e-24
501.26  1.1983e-24
502.53  1.2004e-24
503.81  1.2024e-24
505.08  1.2045e-24
506.37  1.2066e-24
507.65  1.2087e-24
508.94  1.2108e-24
510.23  1.2129e-24
511.53  1.215e-24
512.82  1.2171e-24
514.12  1.2193e-24
515.43  1.2214e-24
516.74  1.2236e-24
518.05  1.2257e-24
519.36  1.2279e-24
520.68  1.23e-24
522 1.2322e-24
523.33  1.2344e-24
524.66  1.2366e-24
525.99  1.2388e-24
527.32  1.241e-24
528.66  1.2432e-24
530 1.2455e-24
531.35  1.2477e-24
532.69  1.2499e-24
534.05  1.2522e-24
535.4   1.2544e-24
536.76  1.2567e-24
538.12  1.259e-24
539.49  1.2613e-24
540.86  1.2636e-24
542.23  1.2659e-24
543.61  1.2682e-24
544.99  1.2705e-24
546.37  1.2728e-24
547.75  1.2751e-24
549.14  1.2775e-24
550.54  1.2798e-24
551.94  1.2822e-24
553.34  1.2845e-24
554.74  1.2869e-24
556.15  1.2893e-24
557.56  1.2917e-24
558.97  1.2941e-24
560.39  1.2965e-24
561.81  1.2989e-24
563.24  1.3013e-24
564.67  1.3037e-24
566.1   1.3062e-24
567.54  1.3086e-24
568.98  1.3111e-24
570.42  1.3135e-24
571.87  1.316e-24
573.32  1.3185e-24
574.78  1.321e-24
576.24  1.3235e-24
577.7   1.326e-24
579.16  1.3285e-24
580.63  1.331e-24
582.11  1.3335e-24
583.58  1.3361e-24
585.07  1.3386e-24
586.55  1.3412e-24
588.04  1.3438e-24
589.53  1.3463e-24
591.03  1.3489e-24
592.53  1.3515e-24
594.03  1.3541e-24
595.54  1.3567e-24
597.05  1.3593e-24
598.56  1.362e-24
600.08  1.3646e-24
601.61  1.3672e-24
603.13  1.3699e-24
604.66  1.3726e-24
606.2   1.3752e-24
607.74  1.3779e-24
609.28  1.3806e-24
610.82  1.3833e-24
612.37  1.386e-24
613.93  1.3887e-24
615.49  1.3914e-24
617.05  1.3942e-24
618.61  1.3969e-24
620.18  1.3997e-24
621.76  1.4024e-24
623.34  1.4052e-24
624.92  1.408e-24
626.5   1.4108e-24
628.09  1.4136e-24
629.69  1.4164e-24
631.29  1.4192e-24
632.89  1.422e-24
634.49  1.4248e-24
636.1   1.4277e-24
637.72  1.4305e-24
639.34  1.4334e-24
640.96  1.4363e-24
642.59  1.4392e-24
644.22  1.442e-24
645.85  1.4449e-24
647.49  1.4479e-24
649.13  1.4508e-24
650.78  1.4537e-24
652.43  1.4566e-24
654.09  1.4596e-24
655.75  1.4625e-24
657.41  1.4655e-24
659.08  1.4685e-24
660.75  1.4715e-24
662.43  1.4745e-24
664.11  1.4775e-24
665.8   1.4805e-24
667.48  1.4835e-24
669.18  1.4865e-24
670.88  1.4896e-24
672.58  1.4926e-24
674.29  1.4957e-24
676 1.4988e-24
677.71  1.5018e-24
679.43  1.5049e-24
681.16  1.508e-24
682.89  1.5111e-24
684.62  1.5143e-24
686.36  1.5174e-24
688.1   1.5205e-24
689.84  1.5237e-24
691.59  1.5268e-24
693.35  1.53e-24
695.11  1.5332e-24
696.87  1.5364e-24
698.64  1.5396e-24
700.41  1.5428e-24
702.19  1.546e-24
703.97  1.5492e-24
705.76  1.5525e-24
707.55  1.5557e-24
709.35  1.559e-24
711.15  1.5623e-24
712.95  1.5655e-24
714.76  1.5688e-24
716.57  1.5721e-24
718.39  1.5754e-24
720.22  1.5788e-24
722.04  1.5821e-24
723.88  1.5854e-24
725.71  1.5888e-24
727.55  1.5922e-24
729.4   1.5955e-24
731.25  1.5989e-24
733.11  1.6023e-24
734.97  1.6057e-24
736.83  1.6091e-24
738.7   1.6126e-24
740.58  1.616e-24
742.46  1.6194e-24
744.34  1.6229e-24
746.23  1.6264e-24
748.12  1.6298e-24
750.02  1.6333e-24
751.93  1.6368e-24
753.83  1.6403e-24
755.75  1.6439e-24
757.66  1.6474e-24
759.59  1.6509e-24
761.51  1.6545e-24
763.45  1.6581e-24
765.38  1.6616e-24
767.33  1.6652e-24
769.27  1.6688e-24
771.23  1.6724e-24
773.18  1.676e-24
775.15  1.6797e-24
777.11  1.6833e-24
779.08  1.687e-24
781.06  1.6906e-24
783.04  1.6943e-24
785.03  1.698e-24
787.02  1.7017e-24
789.02  1.7054e-24
791.02  1.7091e-24
793.03  1.7129e-24
795.04  1.7166e-24
797.06  1.7204e-24
799.08  1.7241e-24
801.11  1.728e-24
803.14  1.7319e-24
805.18  1.737e-24
807.23  1.7426e-24
809.27  1.7433e-24
811.33  1.747e-24
813.39  1.7508e-24
815.45  1.7546e-24
817.52  1.7585e-24
819.59  1.7624e-24
821.67  1.7663e-24
823.76  1.7702e-24
825.85  1.7741e-24
827.95  1.778e-24
830.05  1.7819e-24
832.15  1.7859e-24
834.26  1.7898e-24
836.38  1.7938e-24
838.5   1.7978e-24
840.63  1.8018e-24
842.77  1.8058e-24
844.9   1.8098e-24
847.05  1.8138e-24
849.2   1.8179e-24
851.35  1.8219e-24
853.51  1.826e-24
855.68  1.8301e-24
857.85  1.8342e-24
860.03  1.8383e-24
862.21  1.8424e-24
864.4   1.8465e-24
866.59  1.8506e-24
868.79  1.8548e-24
871 1.8589e-24
873.21  1.8631e-24
875.42  1.8673e-24
877.64  1.8715e-24
879.87  1.8757e-24
882.1   1.8799e-24
884.34  1.8842e-24
886.59  1.8884e-24
888.84  1.8927e-24
891.09  1.897e-24
893.35  1.9012e-24
895.62  1.9055e-24
897.89  1.9098e-24
900.17  1.9142e-24
902.46  1.9185e-24
904.75  1.9229e-24
907.04  1.9272e-24
909.34  1.9316e-24
911.65  1.936e-24
913.96  1.9404e-24
916.28  1.9448e-24
918.61  1.9492e-24
920.94  1.9536e-24
923.28  1.9581e-24
925.62  1.9626e-24
927.97  1.967e-24
930.32  1.9715e-24
932.69  1.976e-24
935.05  1.9805e-24
937.43  1.9851e-24
939.8   1.9896e-24
942.19  1.9942e-24
944.58  1.9987e-24
946.98  2.0033e-24
949.38  2.0079e-24
951.79  2.0125e-24
954.2   2.0171e-24
956.63  2.0218e-24
959.05  2.0264e-24
961.49  2.0311e-24
963.93  2.0357e-24
966.37  2.0404e-24
968.83  2.0451e-24
971.28  2.0498e-24
973.75  2.0546e-24
976.22  2.0593e-24
978.7   2.0641e-24
981.18  2.0688e-24
983.67  2.0736e-24
986.17  2.0784e-24
988.67  2.0832e-24
991.18  2.088e-24
993.69  2.0929e-24
996.22  2.0977e-24
998.74  2.1026e-24
1001.3  2.1075e-24
1003.8  2.1124e-24
1006.4  2.1173e-24
1008.9  2.1222e-24
1011.5  2.1271e-24
1014    2.1321e-24
1016.6  2.137e-24
1019.2  2.142e-24
1021.8  2.147e-24
1024.4  2.152e-24
1027    2.157e-24
1029.6  2.1621e-24
1032.2  2.1671e-24
1034.8  2.1722e-24
1037.4  2.1772e-24
1040.1  2.1823e-24
1042.7  2.1874e-24
1045.4  2.1926e-24
1048    2.1977e-24
1050.7  2.2028e-24
1053.3  2.208e-24
1056    2.2132e-24
1058.7  2.2184e-24
1061.4  2.2236e-24
1064.1  2.2288e-24
1066.8  2.234e-24
1069.5  2.2393e-24
1072.2  2.2445e-24
1074.9  2.2498e-24
1077.6  2.2551e-24
1080.4  2.2604e-24
1083.1  2.2657e-24
1085.9  2.2711e-24
1088.6  2.2764e-24
1091.4  2.2818e-24
1094.2  2.2872e-24
1096.9  2.2926e-24
1099.7  2.298e-24
1102.5  2.3034e-24
1105.3  2.3089e-24
1108.1  2.3143e-24
1110.9  2.3198e-24
1113.7  2.3253e-24
1116.6  2.3308e-24
1119.4  2.3363e-24
1122.2  2.3419e-24
1125.1  2.3474e-24
1127.9  2.353e-24
1130.8  2.3586e-24
1133.7  2.3642e-24
1136.6  2.3698e-24
1139.4  2.3754e-24
1142.3  2.3811e-24
1145.2  2.3867e-24
1148.1  2.3924e-24
1151    2.3981e-24
1154    2.4038e-24
1156.9  2.4096e-24
1159.8  2.4153e-24
1162.8  2.4211e-24
1165.7  2.4268e-24
1168.7  2.4326e-24
1171.7  2.4384e-24
1174.6  2.4443e-24
1177.6  2.4501e-24
1180.6  2.4559e-24
1183.6  2.4618e-24
1186.6  2.4677e-24
1189.6  2.4736e-24
1192.6  2.4795e-24
1195.7  2.4855e-24
1198.7  2.4914e-24
1201.7  2.4974e-24
1204.8  2.5034e-24
1207.8  2.5094e-24
1210.9  2.5154e-24
1214    2.5214e-24
1217.1  2.5275e-24
1220.1  2.5336e-24
1223.2  2.5396e-24
1226.3  2.5458e-24
1229.5  2.5519e-24
1232.6  2.558e-24
1235.7  2.5642e-24
1238.8  2.5703e-24
1242    2.5765e-24
1245.1  2.5827e-24
1248.3  2.589e-24
1251.5  2.5952e-24
1254.6  2.6015e-24
1257.8  2.6077e-24
1261    2.614e-24
1264.2  2.6203e-24
1267.4  2.6267e-24
1270.6  2.633e-24
1273.9  2.6394e-24
1277.1  2.6458e-24
1280.3  2.6521e-24
1283.6  2.6586e-24
1286.8  2.665e-24
1290.1  2.6714e-24
1293.4  2.6779e-24
1296.7  2.6844e-24
1300    2.6909e-24
1303.3  2.6974e-24
1306.6  2.704e-24
1309.9  2.7105e-24
1313.2  2.7171e-24
1316.5  2.7237e-24
1319.9  2.7303e-24
1323.2  2.7369e-24
1326.6  2.7436e-24
1329.9  2.7503e-24
1333.3  2.7569e-24
1336.7  2.7637e-24
1340.1  2.7704e-24
1343.5  2.7771e-24
1346.9  2.7839e-24
1350.3  2.7907e-24
1353.8  2.7975e-24
1357.2  2.8043e-24
1360.6  2.8111e-24
1364.1  2.818e-24
1367.5  2.8248e-24
1371    2.8317e-24
1374.5  2.8386e-24
1378    2.8456e-24
1381.5  2.8525e-24
1385    2.8595e-24
1388.5  2.8665e-24
1392    2.8735e-24
1395.6  2.8805e-24
1399.1  2.8875e-24
1402.7  2.8946e-24
1406.2  2.9017e-24
1409.8  2.9088e-24
1413.4  2.9159e-24
1416.9  2.923e-24
1420.5  2.9302e-24
1424.1  2.9374e-24
1427.8  2.9446e-24
1431.4  2.9518e-24
1435    2.9591e-24
1438.7  2.9663e-24
1442.3  2.9736e-24
1446    2.9809e-24
1449.6  2.9882e-24
1453.3  2.9956e-24
1457    3.0029e-24
1460.7  3.0103e-24
1464.4  3.0177e-24
1468.1  3.0251e-24
1471.8  3.0326e-24
1475.6  3.04e-24
1479.3  3.0475e-24
1483.1  3.055e-24
1486.8  3.0625e-24
1490.6  3.0701e-24
1494.4  3.0776e-24
1498.2  3.0852e-24
1502    3.0928e-24
1505.8  3.1004e-24
1509.6  3.1081e-24
1513.5  3.1158e-24
1517.3  3.1235e-24
1521.2  3.1312e-24
1525    3.1389e-24
1528.9  3.1467e-24
1532.8  3.1544e-24
1536.7  3.1622e-24
1540.6  3.17e-24
1544.5  3.1779e-24
1548.4  3.1857e-24
1552.3  3.1936e-24
1556.2  3.2015e-24
1560.2  3.2094e-24
1564.2  3.2174e-24
1568.1  3.2254e-24
1572.1  3.2333e-24
1576.1  3.2414e-24
1580.1  3.2494e-24
1584.1  3.2574e-24
1588.1  3.2655e-24
1592.2  3.2736e-24
1596.2  3.2817e-24
1600.2  3.2899e-24
1604.3  3.2981e-24
1608.4  3.3063e-24
1612.5  3.3159e-24
1616.6  3.3227e-24
1620.7  3.3309e-24
1624.8  3.3392e-24
1628.9  3.3475e-24
1633    3.3558e-24
1637.2  3.3642e-24
1641.3  3.3726e-24
1645.5  3.381e-24
1649.7  3.3894e-24
1653.8  3.3978e-24
1658    3.4063e-24
1662.3  3.4148e-24
1666.5  3.4233e-24
1670.7  3.4318e-24
1674.9  3.4403e-24
1679.2  3.4489e-24
1683.5  3.4575e-24
1687.7  3.4662e-24
1692    3.4748e-24
1696.3  3.4835e-24
1700.6  3.4922e-24
1704.9  3.5009e-24
1709.2  3.5096e-24
1713.6  3.5184e-24
1717.9  3.5272e-24
1722.3  3.536e-24
1726.7  3.5448e-24
1731    3.5537e-24
1735.4  3.5626e-24
1739.8  3.5715e-24
1744.3  3.5804e-24
1748.7  3.5894e-24
1753.1  3.5984e-24
1757.6  3.6074e-24
1762    3.6164e-24
1766.5  3.6255e-24
1771    3.6346e-24
1775.5  3.6437e-24
1780    3.6528e-24
1784.5  3.662e-24
1789    3.6712e-24
1793.6  3.6804e-24
1798.1  3.6896e-24
1802.7  3.6989e-24
1807.3  3.7082e-24
1811.8  3.7175e-24
1816.4  3.7268e-24
1821.1  3.7362e-24
1825.7  3.7456e-24
1830.3  3.755e-24
1835    3.7644e-24
1839.6  3.7739e-24
1844.3  3.7834e-24
1849    3.7929e-24
1853.6  3.8024e-24
1858.4  3.812e-24
1863.1  3.8216e-24
1867.8  3.8312e-24
1872.5  3.8409e-24
1877.3  3.8505e-24
1882.1  3.8602e-24
1886.8  3.87e-24
1891.6  3.8797e-24
1896.4  3.8895e-24
1901.2  3.8993e-24
1906.1  3.9091e-24
1910.9  3.919e-24
1915.7  3.9289e-24
1920.6  3.9388e-24
1925.5  3.9488e-24
1930.4  3.9587e-24
1935.3  3.9687e-24
1940.2  3.9787e-24
1945.1  3.9888e-24
1950    3.9989e-24
1955    4.009e-24
1959.9  4.0191e-24
1964.9  4.0293e-24
1969.9  4.0395e-24
1974.9  4.0497e-24
1979.9  4.06e-24
1984.9  4.0702e-24
1990    4.0805e-24
1995    4.0909e-24
2000.1  4.1012e-24
2005.2  4.1116e-24
2010.3  4.122e-24
2015.4  4.1325e-24
2020.5  4.143e-24
2025.6  4.1535e-24
2030.7  4.164e-24
2035.9  4.1746e-24
2041.1  4.1852e-24
2046.2  4.1958e-24
2051.4  4.2064e-24
2056.6  4.2171e-24
2061.9  4.2278e-24
2067.1  4.2385e-24
2072.3  4.2493e-24
2077.6  4.2601e-24
2082.9  4.2709e-24
2088.1  4.2818e-24
2093.4  4.2927e-24
2098.8  4.3036e-24
2104.1  4.3146e-24
2109.4  4.3255e-24
2114.8  4.3365e-24
2120.1  4.3476e-24
2125.5  4.3586e-24
2130.9  4.3697e-24
2136.3  4.3809e-24
2141.7  4.392e-24
2147.2  4.4032e-24
2152.6  4.4144e-24
2158.1  4.4257e-24
2163.6  4.437e-24
2169.1  4.4483e-24
2174.6  4.4597e-24
2180.1  4.471e-24
2185.6  4.4824e-24
2191.2  4.4939e-24
2196.7  4.5054e-24
2202.3  4.5169e-24
2207.9  4.5284e-24
2213.5  4.54e-24
2219.1  4.5516e-24
2224.7  4.5632e-24
2230.4  4.5749e-24
2236    4.5866e-24
2241.7  4.5983e-24
2247.4  4.6101e-24
2253.1  4.6219e-24
2258.8  4.6337e-24
2264.6  4.6455e-24
2270.3  4.6574e-24
2276.1  4.6694e-24
2281.8  4.6813e-24
2287.6  4.6933e-24
2293.4  4.7053e-24
2299.3  4.7174e-24
2305.1  4.7295e-24
2310.9  4.7416e-24
2316.8  4.7538e-24
2322.7  4.766e-24
2328.6  4.7782e-24
2334.5  4.7905e-24
2340.4  4.8028e-24
2346.4  4.8151e-24
2352.3  4.8275e-24
2358.3  4.8399e-24
2364.3  4.8523e-24
2370.3  4.8648e-24
2376.3  4.8773e-24
2382.3  4.8898e-24
2388.4  4.9024e-24
2394.4  4.915e-24
2400.5  4.9276e-24
2406.6  4.9403e-24
2412.7  4.953e-24
2418.8  4.966e-24
2425    4.9786e-24
2431.1  4.9914e-24
2437.3  5.0043e-24
2443.5  5.0171e-24
2449.7  5.0301e-24
2455.9  5.043e-24
2462.1  5.056e-24
2468.4  5.0691e-24
2474.6  5.0822e-24
2480.9  5.0953e-24
2487.2  5.1084e-24
2493.5  5.1216e-24
2499.8  5.1348e-24
2506.2  5.1481e-24
2512.5  5.1614e-24
2518.9  5.1747e-24
2525.3  5.1881e-24
2531.7  5.2015e-24
2538.1  5.2149e-24
2544.6  5.2284e-24
2551    5.242e-24
2557.5  5.2555e-24
2564    5.2691e-24
2570.5  5.2827e-24
2577    5.2964e-24
2583.6  5.3101e-24
2590.1  5.3239e-24
2596.7  5.3377e-24
2603.3  5.3515e-24
2609.9  5.3654e-24
2616.5  5.3793e-24
2623.2  5.3932e-24
2629.8  5.4072e-24
2636.5  5.4213e-24
2643.2  5.4353e-24
2649.9  5.4494e-24
2656.6  5.4636e-24
2663.4  5.4778e-24
2670.1  5.492e-24
2676.9  5.5063e-24
2683.7  5.5206e-24
2690.5  5.5349e-24
2697.3  5.5493e-24
2704.2  5.5637e-24
2711    5.5782e-24
2717.9  5.5927e-24
2724.8  5.6073e-24
2731.7  5.6218e-24
2738.7  5.6365e-24
2745.6  5.6512e-24
2752.6  5.6659e-24
2759.6  5.6806e-24
2766.6  5.6954e-24
2773.6  5.7103e-24
2780.6  5.7252e-24
2787.7  5.7401e-24
2794.7  5.7551e-24
2801.8  5.7701e-24
2809    5.7851e-24
2816.1  5.8002e-24
2823.2  5.8154e-24
2830.4  5.8306e-24
2837.6  5.8458e-24
2844.8  5.8611e-24
2852    5.8764e-24
2859.2  5.8917e-24
2866.5  5.9072e-24
2873.8  5.9226e-24
2881.1  5.9381e-24
2888.4  5.9536e-24
2895.7  5.9692e-24
2903    5.9848e-24
2910.4  6.0005e-24
2917.8  6.0162e-24
2925.2  6.032e-24
2932.6  6.0478e-24
2940.1  6.0636e-24
2947.5  6.0795e-24
2955    6.0955e-24
2962.5  6.1115e-24
2970    6.1275e-24
2977.6  6.1436e-24
2985.1  6.1597e-24
2992.7  6.1759e-24
3000.3  6.1921e-24
3007.9  6.2084e-24
3015.5  6.2247e-24
3023.2  6.2411e-24
3030.9  6.2575e-24
3038.5  6.2739e-24
3046.3  6.2904e-24
3054    6.307e-24
3061.7  6.3236e-24
3069.5  6.3402e-24
3077.3  6.3569e-24
3085.1  6.3737e-24
3092.9  6.3905e-24
3100.8  6.4073e-24
3108.7  6.4242e-24
3116.5  6.4411e-24
3124.5  6.4581e-24
3132.4  6.4752e-24
3140.3  6.4922e-24
3148.3  6.5094e-24
3156.3  6.5266e-24
3164.3  6.5438e-24
3172.3  6.5611e-24
3180.4  6.5784e-24
3188.5  6.5958e-24
3196.5  6.6133e-24
3204.7  6.6307e-24
3212.8  6.6483e-24
3220.9  6.6659e-24
3229.1  6.6835e-24
3237.3  6.7012e-24
3245.5  6.719e-24
3253.8  6.7368e-24
3262    6.7546e-24
3270.3  6.7725e-24
3278.6  6.7905e-24
3286.9  6.8085e-24
3295.3  6.8265e-24
3303.6  6.8447e-24
3312    6.8628e-24
3320.4  6.881e-24
3328.8  6.8993e-24
3337.3  6.9176e-24
3345.7  6.936e-24
3354.2  6.9545e-24
3362.8  6.973e-24
3371.3  6.9915e-24
3379.8  7.0101e-24
3388.4  7.0288e-24
3397    7.0475e-24
3405.6  7.0662e-24
3414.3  7.0851e-24
3422.9  7.1039e-24
3431.6  7.1229e-24
3440.3  7.1419e-24
3449.1  7.1609e-24
3457.8  7.18e-24
3466.6  7.1992e-24
3475.4  7.2184e-24
3484.2  7.2377e-24
3493.1  7.257e-24
3501.9  7.2764e-24
3510.8  7.2958e-24
3519.7  7.3153e-24
3528.6  7.3349e-24
3537.6  7.3545e-24
3546.6  7.3742e-24
3555.6  7.3939e-24
3564.6  7.4137e-24
3573.6  7.4336e-24
3582.7  7.4535e-24
3591.8  7.4735e-24
3600.9  7.4935e-24
3610.1  7.5136e-24
3619.2  7.5337e-24
3628.4  7.554e-24
3637.6  7.5742e-24
3646.8  7.5946e-24
3656.1  7.615e-24
3665.4  7.6354e-24
3674.7  7.656e-24
3684    7.6765e-24
3693.4  7.6972e-24
3702.7  7.7179e-24
3712.1  7.7387e-24
3721.5  7.7595e-24
3731    7.7804e-24
3740.5  7.8013e-24
3749.9  7.8224e-24
3759.5  7.8434e-24
3769    7.8646e-24
3778.6  7.8858e-24
3788.2  7.9071e-24
3797.8  7.9284e-24
3807.4  7.9498e-24
3817.1  7.9713e-24
3826.8  7.9929e-24
3836.5  8.0145e-24
3846.2  8.0361e-24
3856    8.0579e-24
3865.7  8.0797e-24
3875.6  8.1015e-24
3885.4  8.1235e-24
3895.3  8.1455e-24
3905.1  8.1675e-24
3915    8.1897e-24
3925    8.2119e-24
3934.9  8.2341e-24
3944.9  8.2565e-24
3954.9  8.2789e-24
3965    8.3014e-24
3975    8.3239e-24
3985.1  8.3465e-24
3995.2  8.3692e-24
4005.4  8.392e-24
4015.5  8.4148e-24
4025.7  8.4377e-24
4035.9  8.4607e-24
4046.2  8.4837e-24
4056.5  8.5068e-24
4066.8  8.53e-24
4077.1  8.5533e-24
4087.4  8.5766e-24
4097.8  8.6e-24
4108.2  8.6234e-24
4118.6  8.647e-24
4129.1  8.6706e-24
4139.5  8.6943e-24
4150.1  8.7181e-24
4160.6  8.7419e-24
4171.1  8.7658e-24
4181.7  8.7898e-24
4192.3  8.8138e-24
4203    8.838e-24
4213.6  8.8622e-24
4224.3  8.8865e-24
4235.1  8.9108e-24
4245.8  8.9353e-24
4256.6  8.9598e-24
4267.4  8.9844e-24
4278.2  9.009e-24
4289.1  9.0338e-24
4300    9.0586e-24
4310.9  9.0835e-24
4321.8  9.1085e-24
4332.8  9.1336e-24
4343.8  9.1587e-24
4354.8  9.1839e-24
4365.8  9.2092e-24
4376.9  9.2346e-24
4388    9.26e-24
4399.2  9.2856e-24
4410.3  9.3112e-24
4421.5  9.3369e-24
4432.7  9.3627e-24
4444    9.3885e-24
4455.3  9.4145e-24
4466.6  9.4405e-24
4477.9  9.4666e-24
4489.3  9.4928e-24
4500.7  9.5191e-24
4512.1  9.5455e-24
4523.5  9.5719e-24
4535    9.5984e-24
4546.5  9.6251e-24
4558.1  9.6518e-24
4569.6  9.6785e-24
4581.2  9.7054e-24
4592.8  9.7324e-24
4604.5  9.7594e-24
4616.2  9.7865e-24
4627.9  9.8138e-24
4639.6  9.8411e-24
4651.4  9.8685e-24
4663.2  9.8959e-24
4675.1  9.9235e-24
4686.9  9.9512e-24
4698.8  9.9789e-24
4710.7  1.0007e-23
4722.7  1.0035e-23
4734.7  1.0063e-23
4746.7  1.0091e-23
4758.7  1.0119e-23
4770.8  1.0147e-23
4782.9  1.0176e-23
4795.1  1.0204e-23
4807.2  1.0233e-23
4819.4  1.0261e-23
4831.7  1.029e-23
4843.9  1.0319e-23
4856.2  1.0348e-23
4868.5  1.0377e-23
4880.9  1.0406e-23
4893.3  1.0435e-23
4905.7  1.0465e-23
4918.1  1.0494e-23
4930.6  1.0524e-23
4943.1  1.0553e-23
4955.7  1.0583e-23
4968.3  1.0613e-23
4980.9  1.0643e-23
4993.5  1.0673e-23
5006.2  1.0703e-23
5018.9  1.0733e-23
5031.6  1.0763e-23
5044.4  1.0794e-23
5057.2  1.0824e-23
5070    1.0855e-23
5082.9  1.0885e-23
5095.8  1.0916e-23
5108.7  1.0947e-23
5121.7  1.0978e-23
5134.7  1.1009e-23
5147.7  1.1041e-23
5160.8  1.1072e-23
5173.9  1.1103e-23
5187    1.1135e-23
5200.2  1.1166e-23
5213.4  1.1198e-23
5226.6  1.123e-23
5239.9  1.1262e-23
5253.1  1.1294e-23
5266.5  1.1326e-23
5279.8  1.1359e-23
5293.2  1.1391e-23
5306.7  1.1423e-23
5320.1  1.1456e-23
5333.6  1.1489e-23
5347.2  1.1522e-23
5360.7  1.1555e-23
5374.4  1.1588e-23
5388    1.1621e-23
5401.7  1.1654e-23
5415.4  1.1687e-23
5429.1  1.1721e-23
5442.9  1.1755e-23
5456.7  1.1788e-23
5470.5  1.1822e-23
5484.4  1.1856e-23
5498.4  1.189e-23
5512.3  1.1924e-23
5526.3  1.1959e-23
5540.3  1.1993e-23
5554.4  1.2028e-23
5568.5  1.2062e-23
5582.6  1.2097e-23
5596.8  1.2132e-23
5611    1.2167e-23
5625.2  1.2202e-23
5639.5  1.2237e-23
5653.8  1.2273e-23
5668.1  1.2308e-23
5682.5  1.2344e-23
5696.9  1.238e-23
5711.4  1.2416e-23
5725.9  1.2452e-23
5740.4  1.2488e-23
5755    1.2524e-23
5769.6  1.256e-23
5784.2  1.2597e-23
5798.9  1.2633e-23
5813.6  1.267e-23
5828.4  1.2707e-23
5843.2  1.2744e-23
5858    1.2781e-23
5872.9  1.2818e-23
5887.8  1.2856e-23
5902.7  1.2893e-23
5917.7  1.2931e-23
5932.7  1.2969e-23
5947.8  1.3007e-23
5962.9  1.3045e-23
5978    1.3083e-23
5993.2  1.3121e-23
6008.4  1.316e-23
6023.6  1.3198e-23
6038.9  1.3237e-23
6054.2  1.3276e-23
6069.6  1.3315e-23
6085    1.3354e-23
6100.4  1.3394e-23
6115.9  1.3433e-23
6131.4  1.3473e-23
6147    1.3512e-23
6162.6  1.3552e-23
6178.2  1.3592e-23
6193.9  1.3632e-23
6209.6  1.3672e-23
6225.4  1.3713e-23
6241.2  1.3753e-23
6257    1.3794e-23
6272.9  1.3835e-23
6288.8  1.3876e-23
6304.8  1.3917e-23
6320.8  1.3958e-23
6336.8  1.4e-23
6352.9  1.4041e-23
6369    1.4083e-23
6385.2  1.4125e-23
6401.4  1.4167e-23
6417.6  1.4209e-23
6433.9  1.4252e-23
6450.3  1.4294e-23
6466.6  1.4337e-23
6483    1.438e-23
6499.5  1.4423e-23
6516    1.4466e-23
6532.5  1.4509e-23
6549.1  1.4552e-23
6565.7  1.4596e-23
6582.4  1.464e-23
6599.1  1.4684e-23
6615.8  1.4728e-23
6632.6  1.4772e-23
6649.4  1.4816e-23
6666.3  1.4861e-23
6683.2  1.4906e-23
6700.2  1.4951e-23
6717.2  1.4996e-23
6734.2  1.5041e-23
6751.3  1.5086e-23
6768.5  1.5132e-23
6785.6  1.5178e-23
6802.9  1.5223e-23
6820.1  1.527e-23
6837.4  1.5316e-23
6854.8  1.5362e-23
6872.2  1.5409e-23
6889.6  1.5455e-23
6907.1  1.5502e-23
6924.6  1.5549e-23
6942.2  1.5597e-23
6959.8  1.5644e-23
6977.5  1.5692e-23
6995.2  1.574e-23
7012.9  1.5788e-23
7030.7  1.5836e-23
7048.6  1.5884e-23
7066.5  1.5933e-23
7084.4  1.5981e-23
7102.4  1.603e-23
7120.4  1.6079e-23
7138.5  1.6129e-23
7156.6  1.6178e-23
7174.8  1.6228e-23
7193    1.6277e-23
7211.2  1.6327e-23
7229.5  1.6378e-23
7247.9  1.6428e-23
7266.3  1.6479e-23
7284.7  1.6529e-23
7303.2  1.658e-23
7321.7  1.6631e-23
7340.3  1.6683e-23
7358.9  1.6734e-23
7377.6  1.6786e-23
7396.3  1.6838e-23
7415.1  1.689e-23
7433.9  1.6942e-23
7452.8  1.6995e-23
7471.7  1.7048e-23
7490.6  1.7101e-23
7509.7  1.7154e-23
7528.7  1.7207e-23
7547.8  1.7261e-23
7567    1.7315e-23
7586.2  1.7368e-23
7605.4  1.7423e-23
7624.7  1.7477e-23
7644.1  1.7532e-23
7663.5  1.7586e-23
7682.9  1.7641e-23
7702.4  1.7697e-23
7722    1.7752e-23
7741.6  1.7808e-23
7761.2  1.7864e-23
7780.9  1.792e-23
7800.6  1.7976e-23
7820.4  1.8033e-23
7840.3  1.8089e-23
7860.2  1.8146e-23
7880.1  1.8203e-23
7900.1  1.8261e-23
7920.2  1.8319e-23
7940.3  1.8376e-23
7960.4  1.8434e-23
7980.6  1.8493e-23
8000.9  1.8551e-23
8021.2  1.861e-23
8041.5  1.8669e-23
8061.9  1.8728e-23
8082.4  1.8788e-23
8102.9  1.8848e-23
8123.5  1.8908e-23
8144.1  1.8968e-23
8164.8  1.9028e-23
8185.5  1.9089e-23
8206.2  1.915e-23
8227.1  1.9211e-23
8248    1.9272e-23
8268.9  1.9334e-23
8289.9  1.9396e-23
8310.9  1.9458e-23
8332    1.952e-23
8353.1  1.9583e-23
8374.3  1.9646e-23
8395.6  1.9709e-23
8416.9  1.9772e-23
8438.3  1.9836e-23
8459.7  1.99e-23
8481.1  1.9964e-23
8502.7  2.0028e-23
8524.2  2.0093e-23
8545.9  2.0158e-23
8567.6  2.0223e-23
8589.3  2.0289e-23
8611.1  2.0354e-23
8632.9  2.042e-23
8654.8  2.0486e-23
8676.8  2.0553e-23
8698.8  2.062e-23
8720.9  2.0687e-23
8743    2.0754e-23
8765.2  2.0822e-23
8787.5  2.089e-23
8809.8  2.0958e-23
8832.1  2.1026e-23
8854.5  2.1095e-23
8877    2.1164e-23
8899.5  2.1233e-23
8922.1  2.1303e-23
8944.8  2.1372e-23
8967.5  2.1443e-23
8990.2  2.1513e-23
9013    2.1584e-23
9035.9  2.1655e-23
9058.8  2.1726e-23
9081.8  2.1798e-23
9104.9  2.1869e-23
9128    2.1942e-23
9151.1  2.2014e-23
9174.4  2.2087e-23
9197.6  2.216e-23
9221    2.2233e-23
9244.4  2.2307e-23
9267.8  2.2381e-23
9291.4  2.2455e-23
9314.9  2.253e-23
9338.6  2.2605e-23
9362.3  2.268e-23
9386    2.2755e-23
9409.9  2.2831e-23
9433.7  2.2907e-23
9457.7  2.2984e-23
9481.7  2.3061e-23
9505.7  2.3138e-23
9529.9  2.3215e-23
9554    2.3293e-23
9578.3  2.3371e-23
9602.6  2.3449e-23
9627    2.3528e-23
9651.4  2.3607e-23
9675.9  2.3687e-23
9700.4  2.3766e-23
9725.1  2.3846e-23
9749.7  2.3927e-23
9774.5  2.4008e-23
9799.3  2.4089e-23
9824.2  2.417e-23
9849.1  2.4252e-23
9874.1  2.4334e-23
9899.1  2.4416e-23
9924.3  2.4499e-23
9949.4  2.4582e-23
9974.7  2.4666e-23
10000   2.475e-23
