# https://cosmicexplorer.org/data/CE1_strain.txt
3	1.6664e-19
3.0081	1.6463e-19
3.0163	1.6269e-19
3.0244	1.6083e-19
3.0326	1.5904e-19
3.0408	1.5732e-19
3.0491	1.5568e-19
3.0573	1.541e-19
3.0656	1.5259e-19
3.0739	1.5114e-19
3.0823	1.4976e-19
3.0906	1.4844e-19
3.099	1.4718e-19
3.1074	1.4599e-19
3.1158	1.4485e-19
3.1242	1.4377e-19
3.1327	1.4276e-19
3.1412	1.418e-19
3.1497	1.409e-19
3.1582	1.4006e-19
3.1668	1.3928e-19
3.1753	1.3856e-19
3.1839	1.3789e-19
3.1926	1.3729e-19
3.2012	1.3674e-19
3.2099	1.3626e-19
3.2186	1.3583e-19
3.2273	1.3547e-19
3.236	1.3516e-19
3.2448	1.3493e-19
3.2536	1.3475e-19
3.2624	1.3465e-19
3.2712	1.3461e-19
3.2801	1.3465e-19
3.289	1.3475e-19
3.2979	1.3493e-19
3.3068	1.352e-19
3.3158	1.3554e-19
3.3248	1.3597e-19
3.3338	1.3648e-19
3.3428	1.371e-19
3.3518	1.3781e-19
3.3609	1.3863e-19
3.37	1.3955e-19
3.3791	1.406e-19
3.3883	1.4178e-19
3.3975	1.4309e-19
3.4067	1.4454e-19
3.4159	1.4616e-19
3.4252	1.4794e-19
3.4344	1.4991e-19
3.4437	1.5208e-19
3.4531	1.5448e-19
3.4624	1.5711e-19
3.4718	1.6002e-19
3.4812	1.6322e-19
3.4906	1.6676e-19
3.5001	1.7067e-19
3.5096	1.7501e-19
3.5191	1.7981e-19
3.5286	1.8517e-19
3.5382	1.9115e-19
3.5477	1.9785e-19
3.5573	2.054e-19
3.567	2.1395e-19
3.5766	2.2368e-19
3.5863	2.3483e-19
3.596	2.4772e-19
3.6058	2.6276e-19
3.6156	2.8048e-19
3.6253	3.0167e-19
3.6352	3.2737e-19
3.645	3.5917e-19
3.6549	3.9944e-19
3.6648	4.5203e-19
3.6747	5.2347e-19
3.6847	6.2597e-19
3.6946	7.8511e-19
3.7046	1.0654e-18
3.7147	1.6886e-18
3.7247	4.2687e-18
3.7348	7.3594e-18
3.7449	1.9327e-18
3.7551	1.0975e-18
3.7653	7.5919e-19
3.7755	5.7616e-19
3.7857	4.6154e-19
3.7959	3.8308e-19
3.8062	3.2605e-19
3.8165	2.8275e-19
3.8269	2.4879e-19
3.8372	2.2145e-19
3.8476	1.99e-19
3.858	1.8024e-19
3.8685	1.6434e-19
3.879	1.507e-19
3.8895	1.3889e-19
3.9	1.2856e-19
3.9106	1.1946e-19
3.9212	1.1139e-19
3.9318	1.0419e-19
3.9424	9.7721e-20
3.9531	9.1891e-20
3.9638	8.6609e-20
3.9746	8.1806e-20
3.9853	7.7421e-20
3.9961	7.3405e-20
4.0069	6.9716e-20
4.0178	6.6317e-20
4.0287	6.3177e-20
4.0396	6.027e-20
4.0505	5.7572e-20
4.0615	5.5063e-20
4.0725	5.2726e-20
4.0835	5.0543e-20
4.0946	4.8503e-20
4.1057	4.6592e-20
4.1168	4.48e-20
4.1279	4.3117e-20
4.1391	4.1534e-20
4.1503	4.0044e-20
4.1616	3.864e-20
4.1728	3.7314e-20
4.1842	3.6062e-20
4.1955	3.4879e-20
4.2068	3.3759e-20
4.2182	3.2699e-20
4.2297	3.1694e-20
4.2411	3.0741e-20
4.2526	2.9836e-20
4.2641	2.8977e-20
4.2757	2.8162e-20
4.2873	2.7386e-20
4.2989	2.6649e-20
4.3105	2.5948e-20
4.3222	2.5281e-20
4.3339	2.4646e-20
4.3456	2.4041e-20
4.3574	2.3466e-20
4.3692	2.2918e-20
4.381	2.2396e-20
4.3929	2.19e-20
4.4048	2.1427e-20
4.4167	2.0977e-20
4.4287	2.055e-20
4.4407	2.0143e-20
4.4527	1.9756e-20
4.4648	1.939e-20
4.4769	1.9042e-20
4.489	1.8712e-20
4.5012	1.84e-20
4.5133	1.8105e-20
4.5256	1.7828e-20
4.5378	1.7566e-20
4.5501	1.7321e-20
4.5624	1.7092e-20
4.5748	1.6878e-20
4.5872	1.668e-20
4.5996	1.6497e-20
4.6121	1.6329e-20
4.6246	1.6177e-20
4.6371	1.6041e-20
4.6496	1.592e-20
4.6622	1.5816e-20
4.6749	1.5728e-20
4.6875	1.5656e-20
4.7002	1.5603e-20
4.713	1.5567e-20
4.7257	1.555e-20
4.7385	1.5554e-20
4.7514	1.5578e-20
4.7642	1.5626e-20
4.7771	1.5698e-20
4.7901	1.5796e-20
4.803	1.5924e-20
4.8161	1.6084e-20
4.8291	1.6279e-20
4.8422	1.6514e-20
4.8553	1.6794e-20
4.8684	1.7126e-20
4.8816	1.7517e-20
4.8948	1.7978e-20
4.9081	1.852e-20
4.9214	1.9159e-20
4.9347	1.9916e-20
4.9481	2.0819e-20
4.9615	2.1903e-20
4.9749	2.3219e-20
4.9884	2.4838e-20
5.0019	2.6867e-20
5.0155	2.9464e-20
5.0291	3.2888e-20
5.0427	3.7582e-20
5.0563	4.4376e-20
5.07	5.5029e-20
5.0838	7.4027e-20
5.0975	1.1723e-19
5.1113	3.1023e-19
5.1252	4.1219e-19
5.1391	1.1859e-19
5.153	6.7512e-20
5.1669	4.6339e-20
5.1809	3.4779e-20
5.195	2.7512e-20
5.209	2.2532e-20
5.2231	1.8913e-20
5.2373	1.6171e-20
5.2515	1.4025e-20
5.2657	1.2303e-20
5.28	1.0893e-20
5.2943	9.7208e-21
5.3086	8.7316e-21
5.323	7.8875e-21
5.3374	7.1599e-21
5.3518	6.5273e-21
5.3663	5.9731e-21
5.3809	5.4845e-21
5.3955	5.0511e-21
5.4101	4.6646e-21
5.4247	4.3183e-21
5.4394	4.0067e-21
5.4541	3.7253e-21
5.4689	3.4702e-21
5.4837	3.2382e-21
5.4986	3.0265e-21
5.5135	2.833e-21
5.5284	2.6555e-21
5.5434	2.4924e-21
5.5584	2.3421e-21
5.5734	2.2034e-21
5.5885	2.0752e-21
5.6037	1.9564e-21
5.6189	1.8461e-21
5.6341	1.7437e-21
5.6493	1.6483e-21
5.6646	1.5594e-21
5.68	1.4765e-21
5.6954	1.399e-21
5.7108	1.3264e-21
5.7263	1.2585e-21
5.7418	1.1948e-21
5.7573	1.1351e-21
5.7729	1.0789e-21
5.7885	1.0261e-21
5.8042	9.7644e-22
5.8199	9.2963e-22
5.8357	8.8552e-22
5.8515	8.4389e-22
5.8674	8.046e-22
5.8833	7.6747e-22
5.8992	7.3238e-22
5.9152	6.9917e-22
5.9312	6.6774e-22
5.9473	6.3797e-22
5.9634	6.0976e-22
5.9795	5.83e-22
5.9957	5.5761e-22
6.0119	5.3351e-22
6.0282	5.1062e-22
6.0446	4.8887e-22
6.0609	4.682e-22
6.0773	4.4853e-22
6.0938	4.2982e-22
6.1103	4.12e-22
6.1269	3.9503e-22
6.1435	3.7887e-22
6.1601	3.6346e-22
6.1768	3.4877e-22
6.1935	3.3476e-22
6.2103	3.2139e-22
6.2271	3.0863e-22
6.244	2.9645e-22
6.2609	2.8481e-22
6.2778	2.7369e-22
6.2948	2.6306e-22
6.3119	2.529e-22
6.329	2.4318e-22
6.3461	2.3388e-22
6.3633	2.2499e-22
6.3806	2.1647e-22
6.3978	2.0832e-22
6.4152	2.0051e-22
6.4325	1.9303e-22
6.45	1.8587e-22
6.4674	1.79e-22
6.4849	1.7242e-22
6.5025	1.661e-22
6.5201	1.6005e-22
6.5378	1.5424e-22
6.5555	1.4867e-22
6.5732	1.4332e-22
6.591	1.3819e-22
6.6089	1.3326e-22
6.6268	1.2852e-22
6.6447	1.2398e-22
6.6627	1.1961e-22
6.6808	1.1541e-22
6.6989	1.1138e-22
6.717	1.075e-22
6.7352	1.0377e-22
6.7535	1.0019e-22
6.7718	9.6737e-23
6.7901	9.342e-23
6.8085	9.0229e-23
6.8269	8.7159e-23
6.8454	8.4204e-23
6.864	8.1359e-23
6.8826	7.8621e-23
6.9012	7.5984e-23
6.9199	7.3445e-23
6.9386	7.0999e-23
6.9574	6.8643e-23
6.9763	6.6373e-23
6.9952	6.4186e-23
7.0141	6.2078e-23
7.0331	6.0047e-23
7.0522	5.8088e-23
7.0713	5.62e-23
7.0904	5.4379e-23
7.1096	5.2624e-23
7.1289	5.093e-23
7.1482	4.9297e-23
7.1675	4.7721e-23
7.1869	4.62e-23
7.2064	4.4733e-23
7.2259	4.3317e-23
7.2455	4.195e-23
7.2651	4.0631e-23
7.2848	3.9357e-23
7.3045	3.8127e-23
7.3243	3.694e-23
7.3442	3.5793e-23
7.364	3.4685e-23
7.384	3.3615e-23
7.404	3.2582e-23
7.424	3.1583e-23
7.4442	3.0618e-23
7.4643	2.9685e-23
7.4845	2.8784e-23
7.5048	2.7913e-23
7.5251	2.7071e-23
7.5455	2.6257e-23
7.5659	2.547e-23
7.5864	2.4709e-23
7.607	2.3973e-23
7.6276	2.3261e-23
7.6483	2.2573e-23
7.669	2.1907e-23
7.6897	2.1263e-23
7.7106	2.064e-23
7.7314	2.0037e-23
7.7524	1.9454e-23
7.7734	1.8889e-23
7.7944	1.8343e-23
7.8156	1.7814e-23
7.8367	1.7303e-23
7.8579	1.6807e-23
7.8792	1.6328e-23
7.9006	1.5863e-23
7.922	1.5414e-23
7.9434	1.4978e-23
7.9649	1.4557e-23
7.9865	1.4148e-23
8.0081	1.3753e-23
8.0298	1.337e-23
8.0516	1.2999e-23
8.0734	1.2639e-23
8.0953	1.2291e-23
8.1172	1.1954e-23
8.1392	1.1627e-23
8.1612	1.131e-23
8.1833	1.1003e-23
8.2055	1.0705e-23
8.2277	1.0417e-23
8.25	1.0137e-23
8.2723	9.866e-24
8.2947	9.6032e-24
8.3172	9.3485e-24
8.3397	9.1015e-24
8.3623	8.862e-24
8.385	8.6298e-24
8.4077	8.4046e-24
8.4304	8.1862e-24
8.4533	7.9744e-24
8.4762	7.7689e-24
8.4991	7.5696e-24
8.5222	7.3763e-24
8.5452	7.1887e-24
8.5684	7.0067e-24
8.5916	6.8302e-24
8.6149	6.6589e-24
8.6382	6.4926e-24
8.6616	6.3313e-24
8.685	6.1747e-24
8.7086	6.0228e-24
8.7322	5.8753e-24
8.7558	5.7321e-24
8.7795	5.5932e-24
8.8033	5.4583e-24
8.8271	5.3273e-24
8.8511	5.2001e-24
8.875	5.0766e-24
8.8991	4.9568e-24
8.9232	4.8403e-24
8.9473	4.7273e-24
8.9716	4.6174e-24
8.9959	4.5108e-24
9.0202	4.4072e-24
9.0447	4.3066e-24
9.0692	4.2088e-24
9.0937	4.1138e-24
9.1184	4.0216e-24
9.1431	3.9319e-24
9.1678	3.8448e-24
9.1926	3.7601e-24
9.2175	3.6779e-24
9.2425	3.5979e-24
9.2675	3.5202e-24
9.2926	3.4447e-24
9.3178	3.3713e-24
9.3431	3.2999e-24
9.3684	3.2305e-24
9.3937	3.163e-24
9.4192	3.0974e-24
9.4447	3.0336e-24
9.4703	2.9716e-24
9.4959	2.9113e-24
9.5216	2.8526e-24
9.5474	2.7955e-24
9.5733	2.74e-24
9.5992	2.686e-24
9.6252	2.6334e-24
9.6513	2.5823e-24
9.6774	2.5326e-24
9.7036	2.4841e-24
9.7299	2.437e-24
9.7563	2.3912e-24
9.7827	2.3465e-24
9.8092	2.3031e-24
9.8358	2.2608e-24
9.8624	2.2196e-24
9.8891	2.1795e-24
9.9159	2.1404e-24
9.9427	2.1024e-24
9.9697	2.0654e-24
9.9967	2.0293e-24
10.024	1.9942e-24
10.051	1.9599e-24
10.078	1.9266e-24
10.105	1.8942e-24
10.133	1.8626e-24
10.16	1.8318e-24
10.188	1.8019e-24
10.215	1.7726e-24
10.243	1.7442e-24
10.271	1.7164e-24
10.299	1.6894e-24
10.326	1.663e-24
10.354	1.6373e-24
10.382	1.6123e-24
10.411	1.5878e-24
10.439	1.564e-24
10.467	1.5407e-24
10.495	1.518e-24
10.524	1.4959e-24
10.552	1.4743e-24
10.581	1.4532e-24
10.61	1.4326e-24
10.638	1.4125e-24
10.667	1.3929e-24
10.696	1.3737e-24
10.725	1.355e-24
10.754	1.3367e-24
10.783	1.3188e-24
10.812	1.3013e-24
10.842	1.2843e-24
10.871	1.2676e-24
10.9	1.2513e-24
10.93	1.2354e-24
10.96	1.2198e-24
10.989	1.2045e-24
11.019	1.1896e-24
11.049	1.1751e-24
11.079	1.1608e-24
11.109	1.1469e-24
11.139	1.1332e-24
11.169	1.1199e-24
11.199	1.1068e-24
11.23	1.094e-24
11.26	1.0815e-24
11.291	1.0693e-24
11.321	1.0573e-24
11.352	1.0455e-24
11.383	1.034e-24
11.413	1.0227e-24
11.444	1.0117e-24
11.475	1.0009e-24
11.506	9.9032e-25
11.538	9.7995e-25
11.569	9.6979e-25
11.6	9.5984e-25
11.632	9.5008e-25
11.663	9.4052e-25
11.695	9.3115e-25
11.726	9.2197e-25
11.758	9.1297e-25
11.79	9.0414e-25
11.822	8.9549e-25
11.854	8.8701e-25
11.886	8.7869e-25
11.918	8.7054e-25
11.95	8.6254e-25
11.983	8.547e-25
12.015	8.4701e-25
12.048	8.3946e-25
12.08	8.3206e-25
12.113	8.2481e-25
12.146	8.1769e-25
12.179	8.107e-25
12.212	8.0385e-25
12.245	7.9713e-25
12.278	7.9053e-25
12.311	7.8406e-25
12.345	7.777e-25
12.378	7.7147e-25
12.412	7.6536e-25
12.445	7.5935e-25
12.479	7.5346e-25
12.513	7.4768e-25
12.547	7.4201e-25
12.581	7.3644e-25
12.615	7.3097e-25
12.649	7.256e-25
12.683	7.2033e-25
12.718	7.1516e-25
12.752	7.1008e-25
12.787	7.051e-25
12.821	7.002e-25
12.856	6.954e-25
12.891	6.9068e-25
12.926	6.8605e-25
12.961	6.815e-25
12.996	6.7703e-25
13.031	6.7265e-25
13.066	6.6834e-25
13.102	6.6411e-25
13.137	6.5996e-25
13.173	6.5588e-25
13.208	6.5187e-25
13.244	6.4794e-25
13.28	6.4407e-25
13.316	6.4028e-25
13.352	6.3655e-25
13.388	6.3289e-25
13.424	6.2929e-25
13.461	6.2576e-25
13.497	6.2229e-25
13.534	6.1888e-25
13.57	6.1553e-25
13.607	6.1224e-25
13.644	6.0901e-25
13.681	6.0583e-25
13.718	6.0272e-25
13.755	5.9965e-25
13.793	5.9664e-25
13.83	5.9368e-25
13.867	5.9077e-25
13.905	5.8792e-25
13.943	5.8511e-25
13.98	5.8235e-25
14.018	5.7964e-25
14.056	5.7698e-25
14.094	5.7436e-25
14.132	5.7179e-25
14.171	5.6926e-25
14.209	5.6678e-25
14.248	5.6434e-25
14.286	5.6194e-25
14.325	5.5958e-25
14.364	5.5726e-25
14.403	5.5498e-25
14.442	5.5274e-25
14.481	5.5054e-25
14.52	5.4838e-25
14.559	5.4625e-25
14.599	5.4416e-25
14.638	5.421e-25
14.678	5.4008e-25
14.718	5.3809e-25
14.757	5.3614e-25
14.797	5.3422e-25
14.837	5.3233e-25
14.878	5.3047e-25
14.918	5.2865e-25
14.958	5.2685e-25
14.999	5.2508e-25
15.039	5.2335e-25
15.08	5.2164e-25
15.121	5.1996e-25
15.162	5.1831e-25
15.203	5.1668e-25
15.244	5.1508e-25
15.286	5.1351e-25
15.327	5.1196e-25
15.368	5.1044e-25
15.41	5.0894e-25
15.452	5.0747e-25
15.494	5.0602e-25
15.536	5.046e-25
15.578	5.0319e-25
15.62	5.0181e-25
15.662	5.0045e-25
15.705	4.9912e-25
15.747	4.978e-25
15.79	4.9651e-25
15.833	4.9523e-25
15.875	4.9398e-25
15.918	4.9275e-25
15.962	4.9153e-25
16.005	4.9034e-25
16.048	4.8916e-25
16.092	4.88e-25
16.135	4.8686e-25
16.179	4.8574e-25
16.223	4.8463e-25
16.267	4.8354e-25
16.311	4.8247e-25
16.355	4.8142e-25
16.399	4.8038e-25
16.444	4.7936e-25
16.488	4.7835e-25
16.533	4.7735e-25
16.578	4.7638e-25
16.623	4.7541e-25
16.668	4.7447e-25
16.713	4.7353e-25
16.758	4.7261e-25
16.803	4.717e-25
16.849	4.7081e-25
16.894	4.6993e-25
16.94	4.6906e-25
16.986	4.6821e-25
17.032	4.6737e-25
17.078	4.6654e-25
17.125	4.6572e-25
17.171	4.6491e-25
17.217	4.6412e-25
17.264	4.6333e-25
17.311	4.6256e-25
17.358	4.618e-25
17.405	4.6105e-25
17.452	4.6031e-25
17.499	4.5958e-25
17.546	4.5886e-25
17.594	4.5815e-25
17.642	4.5745e-25
17.689	4.5676e-25
17.737	4.5608e-25
17.785	4.5541e-25
17.834	4.5475e-25
17.882	4.541e-25
17.93	4.5346e-25
17.979	4.5282e-25
18.028	4.522e-25
18.076	4.5158e-25
18.125	4.5097e-25
18.174	4.5037e-25
18.224	4.4977e-25
18.273	4.4919e-25
18.323	4.4861e-25
18.372	4.4804e-25
18.422	4.4748e-25
18.472	4.4692e-25
18.522	4.4637e-25
18.572	4.4583e-25
18.622	4.453e-25
18.673	4.4477e-25
18.723	4.4425e-25
18.774	4.4373e-25
18.825	4.4323e-25
18.876	4.4272e-25
18.927	4.4223e-25
18.978	4.4174e-25
19.03	4.4126e-25
19.081	4.4078e-25
19.133	4.4031e-25
19.185	4.3984e-25
19.237	4.3938e-25
19.289	4.3893e-25
19.341	4.3848e-25
19.393	4.3804e-25
19.446	4.376e-25
19.499	4.3717e-25
19.551	4.3674e-25
19.604	4.3632e-25
19.657	4.359e-25
19.711	4.3549e-25
19.764	4.3508e-25
19.818	4.3468e-25
19.871	4.3428e-25
19.925	4.3388e-25
19.979	4.3349e-25
20.033	4.3311e-25
20.087	4.3273e-25
20.142	4.3235e-25
20.196	4.3198e-25
20.251	4.3161e-25
20.306	4.3125e-25
20.361	4.3089e-25
20.416	4.3053e-25
20.471	4.3018e-25
20.527	4.2983e-25
20.582	4.2949e-25
20.638	4.2915e-25
20.694	4.2881e-25
20.75	4.2848e-25
20.806	4.2815e-25
20.863	4.2782e-25
20.919	4.275e-25
20.976	4.2718e-25
21.033	4.2686e-25
21.09	4.2655e-25
21.147	4.2624e-25
21.204	4.2593e-25
21.261	4.2563e-25
21.319	4.2533e-25
21.377	4.2503e-25
21.435	4.2474e-25
21.493	4.2445e-25
21.551	4.2416e-25
21.609	4.2387e-25
21.668	4.2359e-25
21.727	4.2331e-25
21.785	4.2303e-25
21.844	4.2276e-25
21.904	4.2249e-25
21.963	4.2222e-25
22.022	4.2195e-25
22.082	4.2169e-25
22.142	4.2143e-25
22.202	4.2117e-25
22.262	4.2091e-25
22.322	4.2066e-25
22.383	4.204e-25
22.443	4.2016e-25
22.504	4.1991e-25
22.565	4.1966e-25
22.626	4.1942e-25
22.687	4.1918e-25
22.749	4.1894e-25
22.81	4.1871e-25
22.872	4.1847e-25
22.934	4.1824e-25
22.996	4.1801e-25
23.059	4.1778e-25
23.121	4.1756e-25
23.184	4.1733e-25
23.246	4.1711e-25
23.309	4.1689e-25
23.373	4.1667e-25
23.436	4.1646e-25
23.499	4.1624e-25
23.563	4.1603e-25
23.627	4.1582e-25
23.691	4.1561e-25
23.755	4.154e-25
23.819	4.152e-25
23.884	4.1499e-25
23.949	4.1479e-25
24.013	4.1459e-25
24.078	4.1439e-25
24.144	4.142e-25
24.209	4.14e-25
24.275	4.1381e-25
24.34	4.1361e-25
24.406	4.1342e-25
24.472	4.1323e-25
24.539	4.1305e-25
24.605	4.1286e-25
24.672	4.1267e-25
24.739	4.1249e-25
24.806	4.1231e-25
24.873	4.1213e-25
24.94	4.1195e-25
25.008	4.1177e-25
25.075	4.1159e-25
25.143	4.1142e-25
25.211	4.1125e-25
25.28	4.1107e-25
25.348	4.109e-25
25.417	4.1073e-25
25.486	4.1056e-25
25.555	4.1039e-25
25.624	4.1023e-25
25.693	4.1006e-25
25.763	4.099e-25
25.833	4.0974e-25
25.903	4.0957e-25
25.973	4.0941e-25
26.043	4.0926e-25
26.114	4.091e-25
26.184	4.0894e-25
26.255	4.0878e-25
26.326	4.0863e-25
26.398	4.0848e-25
26.469	4.0832e-25
26.541	4.0817e-25
26.613	4.0802e-25
26.685	4.0787e-25
26.757	4.0772e-25
26.83	4.0757e-25
26.902	4.0743e-25
26.975	4.0728e-25
27.048	4.0714e-25
27.122	4.0699e-25
27.195	4.0685e-25
27.269	4.0671e-25
27.343	4.0657e-25
27.417	4.0643e-25
27.491	4.0629e-25
27.565	4.0615e-25
27.64	4.0601e-25
27.715	4.0588e-25
27.79	4.0574e-25
27.865	4.0561e-25
27.941	4.0547e-25
28.016	4.0534e-25
28.092	4.0521e-25
28.168	4.0508e-25
28.245	4.0495e-25
28.321	4.0482e-25
28.398	4.0469e-25
28.475	4.0456e-25
28.552	4.0443e-25
28.629	4.043e-25
28.707	4.0418e-25
28.784	4.0405e-25
28.862	4.0393e-25
28.941	4.0381e-25
29.019	4.0368e-25
29.098	4.0356e-25
29.176	4.0344e-25
29.255	4.0332e-25
29.335	4.032e-25
29.414	4.0308e-25
29.494	4.0296e-25
29.574	4.0284e-25
29.654	4.0272e-25
29.734	4.0261e-25
29.815	4.0249e-25
29.895	4.0238e-25
29.976	4.0226e-25
30.057	4.0215e-25
30.139	4.0203e-25
30.221	4.0192e-25
30.302	4.0181e-25
30.384	4.017e-25
30.467	4.0159e-25
30.549	4.0148e-25
30.632	4.0137e-25
30.715	4.0126e-25
30.798	4.0115e-25
30.882	4.0104e-25
30.965	4.0093e-25
31.049	4.0083e-25
31.133	4.0072e-25
31.217	4.0061e-25
31.302	4.0051e-25
31.387	4.004e-25
31.472	4.003e-25
31.557	4.002e-25
31.643	4.0009e-25
31.728	3.9999e-25
31.814	3.9989e-25
31.9	3.9979e-25
31.987	3.9969e-25
32.073	3.9959e-25
32.16	3.9949e-25
32.247	3.9939e-25
32.335	3.9929e-25
32.422	3.9919e-25
32.51	3.9909e-25
32.598	3.9899e-25
32.686	3.989e-25
32.775	3.988e-25
32.864	3.9871e-25
32.953	3.9861e-25
33.042	3.9851e-25
33.131	3.9842e-25
33.221	3.9833e-25
33.311	3.9823e-25
33.401	3.9814e-25
33.492	3.9805e-25
33.583	3.9795e-25
33.674	3.9786e-25
33.765	3.9777e-25
33.856	3.9768e-25
33.948	3.9759e-25
34.04	3.975e-25
34.132	3.9741e-25
34.225	3.9732e-25
34.317	3.9723e-25
34.41	3.9714e-25
34.503	3.9705e-25
34.597	3.9697e-25
34.691	3.9688e-25
34.784	3.9679e-25
34.879	3.9671e-25
34.973	3.9662e-25
35.068	3.9653e-25
35.163	3.9645e-25
35.258	3.9636e-25
35.354	3.9628e-25
35.449	3.9619e-25
35.545	3.9611e-25
35.642	3.9603e-25
35.738	3.9594e-25
35.835	3.9586e-25
35.932	3.9578e-25
36.029	3.957e-25
36.127	3.9561e-25
36.225	3.9553e-25
36.323	3.9545e-25
36.421	3.9537e-25
36.52	3.9529e-25
36.619	3.9521e-25
36.718	3.9513e-25
36.817	3.9505e-25
36.917	3.9497e-25
37.017	3.9489e-25
37.117	3.9482e-25
37.218	3.9474e-25
37.319	3.9466e-25
37.42	3.9458e-25
37.521	3.9451e-25
37.623	3.9443e-25
37.725	3.9435e-25
37.827	3.9428e-25
37.929	3.942e-25
38.032	3.9413e-25
38.135	3.9405e-25
38.238	3.9398e-25
38.342	3.939e-25
38.446	3.9383e-25
38.55	3.9375e-25
38.654	3.9368e-25
38.759	3.9361e-25
38.864	3.9353e-25
38.969	3.9346e-25
39.075	3.9339e-25
39.181	3.9332e-25
39.287	3.9324e-25
39.393	3.9317e-25
39.5	3.931e-25
39.607	3.9303e-25
39.714	3.9296e-25
39.822	3.9289e-25
39.93	3.9282e-25
40.038	3.9275e-25
40.146	3.9268e-25
40.255	3.9261e-25
40.364	3.9254e-25
40.473	3.9247e-25
40.583	3.924e-25
40.693	3.9233e-25
40.803	3.9227e-25
40.913	3.922e-25
41.024	3.9213e-25
41.135	3.9206e-25
41.247	3.92e-25
41.359	3.9193e-25
41.471	3.9186e-25
41.583	3.918e-25
41.696	3.9173e-25
41.808	3.9166e-25
41.922	3.916e-25
42.035	3.9153e-25
42.149	3.9147e-25
42.263	3.914e-25
42.378	3.9134e-25
42.492	3.9127e-25
42.608	3.9121e-25
42.723	3.9115e-25
42.839	3.9108e-25
42.955	3.9102e-25
43.071	3.9096e-25
43.188	3.9089e-25
43.305	3.9083e-25
43.422	3.9077e-25
43.54	3.9071e-25
43.658	3.9064e-25
43.776	3.9058e-25
43.894	3.9052e-25
44.013	3.9046e-25
44.132	3.904e-25
44.252	3.9034e-25
44.372	3.9028e-25
44.492	3.9022e-25
44.612	3.9015e-25
44.733	3.9009e-25
44.854	3.9003e-25
44.976	3.8998e-25
45.098	3.8992e-25
45.22	3.8986e-25
45.342	3.898e-25
45.465	3.8974e-25
45.588	3.8968e-25
45.712	3.8962e-25
45.836	3.8956e-25
45.96	3.8951e-25
46.084	3.8945e-25
46.209	3.8939e-25
46.334	3.8933e-25
46.46	3.8927e-25
46.586	3.8922e-25
46.712	3.8916e-25
46.838	3.891e-25
46.965	3.8905e-25
47.092	3.8899e-25
47.22	3.8894e-25
47.348	3.8888e-25
47.476	3.8882e-25
47.605	3.8877e-25
47.734	3.8871e-25
47.863	3.8866e-25
47.992	3.886e-25
48.122	3.8855e-25
48.253	3.8849e-25
48.383	3.8844e-25
48.515	3.8838e-25
48.646	3.8833e-25
48.778	3.8828e-25
48.91	3.8822e-25
49.042	3.8817e-25
49.175	3.8812e-25
49.308	3.8806e-25
49.442	3.8801e-25
49.576	3.8796e-25
49.71	3.879e-25
49.845	3.8785e-25
49.98	3.878e-25
50.115	3.8775e-25
50.251	3.877e-25
50.387	3.8764e-25
50.523	3.8759e-25
50.66	3.8754e-25
50.797	3.8749e-25
50.935	3.8744e-25
51.073	3.8739e-25
51.211	3.8734e-25
51.35	3.8729e-25
51.489	3.8724e-25
51.628	3.8719e-25
51.768	3.8714e-25
51.909	3.8709e-25
52.049	3.8704e-25
52.19	3.8699e-25
52.331	3.8694e-25
52.473	3.8689e-25
52.615	3.8684e-25
52.758	3.8679e-25
52.901	3.8674e-25
53.044	3.8669e-25
53.188	3.8664e-25
53.332	3.866e-25
53.476	3.8655e-25
53.621	3.865e-25
53.766	3.8645e-25
53.912	3.864e-25
54.058	3.8636e-25
54.204	3.8631e-25
54.351	3.8626e-25
54.498	3.8621e-25
54.646	3.8617e-25
54.794	3.8612e-25
54.942	3.8607e-25
55.091	3.8603e-25
55.24	3.8598e-25
55.39	3.8594e-25
55.54	3.8589e-25
55.69	3.8584e-25
55.841	3.858e-25
55.992	3.8575e-25
56.144	3.8571e-25
56.296	3.8566e-25
56.449	3.8562e-25
56.602	3.8557e-25
56.755	3.8553e-25
56.909	3.8548e-25
57.063	3.8544e-25
57.217	3.8539e-25
57.372	3.8535e-25
57.528	3.853e-25
57.683	3.8526e-25
57.84	3.8522e-25
57.996	3.8517e-25
58.153	3.8513e-25
58.311	3.8508e-25
58.469	3.8504e-25
58.627	3.85e-25
58.786	3.8495e-25
58.945	3.8491e-25
59.105	3.8487e-25
59.265	3.8483e-25
59.426	3.8478e-25
59.586	3.8474e-25
59.748	3.847e-25
59.91	3.8466e-25
60.072	3.8461e-25
60.235	3.8457e-25
60.398	3.8453e-25
60.561	3.8449e-25
60.725	3.8445e-25
60.89	3.8441e-25
61.055	3.8437e-25
61.22	3.8432e-25
61.386	3.8428e-25
61.552	3.8424e-25
61.719	3.842e-25
61.886	3.8416e-25
62.054	3.8412e-25
62.222	3.8408e-25
62.39	3.8404e-25
62.559	3.84e-25
62.729	3.8396e-25
62.899	3.8392e-25
63.069	3.8388e-25
63.24	3.8384e-25
63.411	3.838e-25
63.583	3.8376e-25
63.755	3.8372e-25
63.928	3.8368e-25
64.101	3.8364e-25
64.275	3.8361e-25
64.449	3.8357e-25
64.623	3.8353e-25
64.798	3.8349e-25
64.974	3.8345e-25
65.15	3.8341e-25
65.326	3.8337e-25
65.503	3.8334e-25
65.68	3.833e-25
65.858	3.8326e-25
66.037	3.8322e-25
66.216	3.8319e-25
66.395	3.8315e-25
66.575	3.8311e-25
66.755	3.8307e-25
66.936	3.8304e-25
67.117	3.83e-25
67.299	3.8296e-25
67.481	3.8293e-25
67.664	3.8289e-25
67.847	3.8285e-25
68.031	3.8282e-25
68.215	3.8278e-25
68.4	3.8274e-25
68.585	3.8271e-25
68.771	3.8267e-25
68.957	3.8264e-25
69.144	3.826e-25
69.331	3.8257e-25
69.519	3.8253e-25
69.707	3.8249e-25
69.896	3.8246e-25
70.086	3.8242e-25
70.275	3.8239e-25
70.466	3.8235e-25
70.657	3.8232e-25
70.848	3.8229e-25
71.04	3.8225e-25
71.232	3.8222e-25
71.425	3.8218e-25
71.619	3.8215e-25
71.813	3.8211e-25
72.007	3.8208e-25
72.202	3.8205e-25
72.398	3.8201e-25
72.594	3.8198e-25
72.79	3.8194e-25
72.988	3.8191e-25
73.185	3.8188e-25
73.383	3.8184e-25
73.582	3.8181e-25
73.782	3.8178e-25
73.981	3.8174e-25
74.182	3.8171e-25
74.383	3.8168e-25
74.584	3.8165e-25
74.786	3.8161e-25
74.989	3.8158e-25
75.192	3.8155e-25
75.395	3.8152e-25
75.6	3.8149e-25
75.804	3.8145e-25
76.01	3.8142e-25
76.216	3.8139e-25
76.422	3.8136e-25
76.629	3.8133e-25
76.837	3.8129e-25
77.045	3.8126e-25
77.253	3.8123e-25
77.463	3.812e-25
77.672	3.8117e-25
77.883	3.8114e-25
78.094	3.8111e-25
78.305	3.8108e-25
78.517	3.8105e-25
78.73	3.8102e-25
78.943	3.8099e-25
79.157	3.8096e-25
79.371	3.8092e-25
79.586	3.8089e-25
79.802	3.8086e-25
80.018	3.8083e-25
80.235	3.808e-25
80.452	3.8078e-25
80.67	3.8075e-25
80.889	3.8072e-25
81.108	3.8069e-25
81.327	3.8066e-25
81.548	3.8063e-25
81.768	3.806e-25
81.99	3.8057e-25
82.212	3.8054e-25
82.435	3.8051e-25
82.658	3.8048e-25
82.882	3.8045e-25
83.106	3.8043e-25
83.331	3.804e-25
83.557	3.8037e-25
83.783	3.8034e-25
84.01	3.8031e-25
84.238	3.8028e-25
84.466	3.8026e-25
84.695	3.8023e-25
84.924	3.802e-25
85.154	3.8017e-25
85.385	3.8015e-25
85.616	3.8012e-25
85.848	3.8009e-25
86.08	3.8006e-25
86.314	3.8004e-25
86.547	3.8001e-25
86.782	3.7998e-25
87.017	3.7995e-25
87.253	3.7993e-25
87.489	3.799e-25
87.726	3.7987e-25
87.963	3.7985e-25
88.202	3.7982e-25
88.441	3.798e-25
88.68	3.7977e-25
88.92	3.7974e-25
89.161	3.7972e-25
89.403	3.7969e-25
89.645	3.7967e-25
89.888	3.7964e-25
90.131	3.7961e-25
90.375	3.7959e-25
90.62	3.7956e-25
90.865	3.7954e-25
91.111	3.7951e-25
91.358	3.7949e-25
91.606	3.7946e-25
91.854	3.7944e-25
92.103	3.7941e-25
92.352	3.7939e-25
92.602	3.7936e-25
92.853	3.7934e-25
93.104	3.7931e-25
93.357	3.7929e-25
93.609	3.7926e-25
93.863	3.7924e-25
94.117	3.7922e-25
94.372	3.7919e-25
94.628	3.7917e-25
94.884	3.7914e-25
95.141	3.7912e-25
95.399	3.791e-25
95.657	3.7907e-25
95.916	3.7905e-25
96.176	3.7902e-25
96.436	3.79e-25
96.698	3.7898e-25
96.96	3.7896e-25
97.222	3.7893e-25
97.486	3.7891e-25
97.75	3.7889e-25
98.014	3.7886e-25
98.28	3.7884e-25
98.546	3.7882e-25
98.813	3.788e-25
99.081	3.7877e-25
99.349	3.7875e-25
99.618	3.7873e-25
99.888	3.7871e-25
100.16	3.7868e-25
100.43	3.7866e-25
100.7	3.7864e-25
100.97	3.7862e-25
101.25	3.786e-25
101.52	3.7857e-25
101.8	3.7855e-25
102.07	3.7853e-25
102.35	3.7851e-25
102.63	3.7849e-25
102.9	3.7847e-25
103.18	3.7845e-25
103.46	3.7843e-25
103.74	3.784e-25
104.02	3.7838e-25
104.31	3.7836e-25
104.59	3.7834e-25
104.87	3.7832e-25
105.16	3.783e-25
105.44	3.7828e-25
105.73	3.7826e-25
106.01	3.7824e-25
106.3	3.7822e-25
106.59	3.782e-25
106.88	3.7818e-25
107.17	3.7816e-25
107.46	3.7814e-25
107.75	3.7812e-25
108.04	3.781e-25
108.33	3.7808e-25
108.62	3.7806e-25
108.92	3.7804e-25
109.21	3.7802e-25
109.51	3.7801e-25
109.81	3.7799e-25
110.1	3.7797e-25
110.4	3.7795e-25
110.7	3.7793e-25
111	3.7791e-25
111.3	3.7789e-25
111.6	3.7787e-25
111.9	3.7786e-25
112.21	3.7784e-25
112.51	3.7782e-25
112.82	3.778e-25
113.12	3.7778e-25
113.43	3.7777e-25
113.74	3.7775e-25
114.04	3.7773e-25
114.35	3.7771e-25
114.66	3.7769e-25
114.97	3.7768e-25
115.28	3.7766e-25
115.6	3.7764e-25
115.91	3.7763e-25
116.22	3.7761e-25
116.54	3.7759e-25
116.85	3.7757e-25
117.17	3.7756e-25
117.49	3.7754e-25
117.81	3.7752e-25
118.13	3.7751e-25
118.45	3.7749e-25
118.77	3.7747e-25
119.09	3.7746e-25
119.41	3.7744e-25
119.73	3.7743e-25
120.06	3.7741e-25
120.38	3.7739e-25
120.71	3.7738e-25
121.04	3.7736e-25
121.36	3.7735e-25
121.69	3.7733e-25
122.02	3.7732e-25
122.35	3.773e-25
122.68	3.7729e-25
123.02	3.7727e-25
123.35	3.7725e-25
123.68	3.7724e-25
124.02	3.7722e-25
124.35	3.7721e-25
124.69	3.772e-25
125.03	3.7718e-25
125.37	3.7717e-25
125.71	3.7715e-25
126.05	3.7714e-25
126.39	3.7712e-25
126.73	3.7711e-25
127.07	3.7709e-25
127.42	3.7708e-25
127.76	3.7707e-25
128.11	3.7705e-25
128.46	3.7704e-25
128.8	3.7703e-25
129.15	3.7701e-25
129.5	3.77e-25
129.85	3.7699e-25
130.21	3.7697e-25
130.56	3.7696e-25
130.91	3.7695e-25
131.27	3.7693e-25
131.62	3.7692e-25
131.98	3.7691e-25
132.34	3.769e-25
132.69	3.7688e-25
133.05	3.7687e-25
133.41	3.7686e-25
133.78	3.7685e-25
134.14	3.7683e-25
134.5	3.7682e-25
134.87	3.7681e-25
135.23	3.768e-25
135.6	3.7679e-25
135.96	3.7677e-25
136.33	3.7676e-25
136.7	3.7675e-25
137.07	3.7674e-25
137.44	3.7673e-25
137.82	3.7672e-25
138.19	3.7671e-25
138.56	3.7669e-25
138.94	3.7668e-25
139.32	3.7667e-25
139.69	3.7666e-25
140.07	3.7665e-25
140.45	3.7664e-25
140.83	3.7663e-25
141.21	3.7662e-25
141.59	3.7661e-25
141.98	3.766e-25
142.36	3.7659e-25
142.75	3.7658e-25
143.13	3.7657e-25
143.52	3.7656e-25
143.91	3.7655e-25
144.3	3.7654e-25
144.69	3.7653e-25
145.08	3.7652e-25
145.48	3.7651e-25
145.87	3.765e-25
146.27	3.7649e-25
146.66	3.7649e-25
147.06	3.7648e-25
147.46	3.7647e-25
147.86	3.7646e-25
148.26	3.7645e-25
148.66	3.7644e-25
149.06	3.7643e-25
149.47	3.7643e-25
149.87	3.7642e-25
150.28	3.7641e-25
150.68	3.764e-25
151.09	3.7639e-25
151.5	3.7639e-25
151.91	3.7638e-25
152.32	3.7637e-25
152.73	3.7636e-25
153.15	3.7636e-25
153.56	3.7635e-25
153.98	3.7634e-25
154.4	3.7633e-25
154.81	3.7633e-25
155.23	3.7632e-25
155.65	3.7631e-25
156.08	3.7631e-25
156.5	3.763e-25
156.92	3.763e-25
157.35	3.7629e-25
157.77	3.7628e-25
158.2	3.7628e-25
158.63	3.7627e-25
159.06	3.7627e-25
159.49	3.7626e-25
159.92	3.7625e-25
160.35	3.7625e-25
160.79	3.7624e-25
161.22	3.7624e-25
161.66	3.7623e-25
162.1	3.7623e-25
162.54	3.7622e-25
162.98	3.7622e-25
163.42	3.7621e-25
163.86	3.7621e-25
164.31	3.762e-25
164.75	3.762e-25
165.2	3.762e-25
165.65	3.7619e-25
166.09	3.7619e-25
166.54	3.7618e-25
166.99	3.7618e-25
167.45	3.7618e-25
167.9	3.7617e-25
168.36	3.7617e-25
168.81	3.7617e-25
169.27	3.7616e-25
169.73	3.7616e-25
170.19	3.7616e-25
170.65	3.7615e-25
171.11	3.7615e-25
171.57	3.7615e-25
172.04	3.7615e-25
172.5	3.7614e-25
172.97	3.7614e-25
173.44	3.7614e-25
173.91	3.7614e-25
174.38	3.7613e-25
174.85	3.7613e-25
175.33	3.7613e-25
175.8	3.7613e-25
176.28	3.7613e-25
176.75	3.7613e-25
177.23	3.7613e-25
177.71	3.7612e-25
178.19	3.7612e-25
178.68	3.7612e-25
179.16	3.7612e-25
179.65	3.7612e-25
180.13	3.7612e-25
180.62	3.7612e-25
181.11	3.7612e-25
181.6	3.7612e-25
182.09	3.7612e-25
182.59	3.7612e-25
183.08	3.7612e-25
183.58	3.7612e-25
184.07	3.7612e-25
184.57	3.7612e-25
185.07	3.7612e-25
185.57	3.7612e-25
186.08	3.7612e-25
186.58	3.7613e-25
187.09	3.7613e-25
187.59	3.7613e-25
188.1	3.7613e-25
188.61	3.7613e-25
189.12	3.7613e-25
189.63	3.7614e-25
190.15	3.7614e-25
190.66	3.7614e-25
191.18	3.7614e-25
191.7	3.7614e-25
192.21	3.7615e-25
192.74	3.7615e-25
193.26	3.7615e-25
193.78	3.7616e-25
194.31	3.7616e-25
194.83	3.7616e-25
195.36	3.7617e-25
195.89	3.7617e-25
196.42	3.7617e-25
196.95	3.7618e-25
197.48	3.7618e-25
198.02	3.7618e-25
198.56	3.7619e-25
199.09	3.7619e-25
199.63	3.762e-25
200.17	3.762e-25
200.72	3.7621e-25
201.26	3.7621e-25
201.8	3.7622e-25
202.35	3.7622e-25
202.9	3.7623e-25
203.45	3.7623e-25
204	3.7624e-25
204.55	3.7625e-25
205.11	3.7625e-25
205.66	3.7626e-25
206.22	3.7626e-25
206.78	3.7627e-25
207.34	3.7628e-25
207.9	3.7628e-25
208.46	3.7629e-25
209.03	3.763e-25
209.59	3.7631e-25
210.16	3.7631e-25
210.73	3.7632e-25
211.3	3.7633e-25
211.87	3.7634e-25
212.45	3.7634e-25
213.02	3.7635e-25
213.6	3.7636e-25
214.18	3.7637e-25
214.76	3.7638e-25
215.34	3.7639e-25
215.92	3.7639e-25
216.51	3.764e-25
217.09	3.7641e-25
217.68	3.7642e-25
218.27	3.7643e-25
218.86	3.7644e-25
219.46	3.7645e-25
220.05	3.7646e-25
220.65	3.7647e-25
221.24	3.7648e-25
221.84	3.7649e-25
222.44	3.765e-25
223.05	3.7651e-25
223.65	3.7653e-25
224.26	3.7654e-25
224.86	3.7655e-25
225.47	3.7656e-25
226.08	3.7657e-25
226.69	3.7658e-25
227.31	3.766e-25
227.92	3.7661e-25
228.54	3.7662e-25
229.16	3.7663e-25
229.78	3.7665e-25
230.4	3.7666e-25
231.03	3.7667e-25
231.65	3.7669e-25
232.28	3.767e-25
232.91	3.7671e-25
233.54	3.7673e-25
234.17	3.7674e-25
234.81	3.7675e-25
235.44	3.7677e-25
236.08	3.7678e-25
236.72	3.768e-25
237.36	3.7681e-25
238	3.7683e-25
238.65	3.7684e-25
239.3	3.7686e-25
239.94	3.7687e-25
240.59	3.7689e-25
241.25	3.7691e-25
241.9	3.7692e-25
242.55	3.7694e-25
243.21	3.7696e-25
243.87	3.7697e-25
244.53	3.7699e-25
245.19	3.7701e-25
245.86	3.7703e-25
246.52	3.7704e-25
247.19	3.7706e-25
247.86	3.7708e-25
248.53	3.771e-25
249.2	3.7712e-25
249.88	3.7713e-25
250.56	3.7715e-25
251.23	3.7717e-25
251.92	3.7719e-25
252.6	3.7721e-25
253.28	3.7723e-25
253.97	3.7725e-25
254.66	3.7727e-25
255.35	3.7729e-25
256.04	3.7731e-25
256.73	3.7733e-25
257.43	3.7735e-25
258.12	3.7737e-25
258.82	3.774e-25
259.52	3.7742e-25
260.23	3.7744e-25
260.93	3.7746e-25
261.64	3.7748e-25
262.35	3.7751e-25
263.06	3.7753e-25
263.77	3.7755e-25
264.48	3.7757e-25
265.2	3.776e-25
265.92	3.7762e-25
266.64	3.7765e-25
267.36	3.7767e-25
268.08	3.7769e-25
268.81	3.7772e-25
269.54	3.7774e-25
270.27	3.7777e-25
271	3.7779e-25
271.74	3.7782e-25
272.47	3.7784e-25
273.21	3.7787e-25
273.95	3.779e-25
274.69	3.7792e-25
275.43	3.7795e-25
276.18	3.7798e-25
276.93	3.78e-25
277.68	3.7803e-25
278.43	3.7806e-25
279.19	3.7809e-25
279.94	3.7812e-25
280.7	3.7814e-25
281.46	3.7817e-25
282.22	3.782e-25
282.99	3.7823e-25
283.75	3.7826e-25
284.52	3.7829e-25
285.29	3.7832e-25
286.06	3.7835e-25
286.84	3.7838e-25
287.62	3.7841e-25
288.4	3.7844e-25
289.18	3.7847e-25
289.96	3.785e-25
290.75	3.7854e-25
291.53	3.7857e-25
292.32	3.786e-25
293.11	3.7863e-25
293.91	3.7867e-25
294.7	3.787e-25
295.5	3.7873e-25
296.3	3.7877e-25
297.11	3.788e-25
297.91	3.7884e-25
298.72	3.7887e-25
299.53	3.789e-25
300.34	3.7894e-25
301.15	3.7898e-25
301.97	3.7901e-25
302.78	3.7905e-25
303.6	3.7908e-25
304.43	3.7912e-25
305.25	3.7916e-25
306.08	3.7919e-25
306.91	3.7923e-25
307.74	3.7927e-25
308.57	3.7931e-25
309.41	3.7935e-25
310.25	3.7938e-25
311.09	3.7942e-25
311.93	3.7946e-25
312.77	3.795e-25
313.62	3.7954e-25
314.47	3.7958e-25
315.32	3.7962e-25
316.18	3.7967e-25
317.03	3.7971e-25
317.89	3.7975e-25
318.75	3.7979e-25
319.61	3.7983e-25
320.48	3.7988e-25
321.35	3.7992e-25
322.22	3.7996e-25
323.09	3.8001e-25
323.97	3.8005e-25
324.84	3.8009e-25
325.72	3.8014e-25
326.61	3.8018e-25
327.49	3.8023e-25
328.38	3.8028e-25
329.27	3.8032e-25
330.16	3.8037e-25
331.05	3.8042e-25
331.95	3.8047e-25
332.85	3.8052e-25
333.75	3.8057e-25
334.65	3.8062e-25
335.56	3.8067e-25
336.47	3.8073e-25
337.38	3.808e-25
338.29	3.809e-25
339.21	3.8106e-25
340.13	3.8172e-25
341.05	5.875e-25
341.97	3.8201e-25
342.9	3.8128e-25
343.83	3.812e-25
344.76	3.8121e-25
345.69	3.8124e-25
346.63	3.8128e-25
347.57	3.8133e-25
348.51	3.8138e-25
349.45	3.8143e-25
350.4	3.8148e-25
351.35	3.8153e-25
352.3	3.8159e-25
353.26	3.8164e-25
354.21	3.817e-25
355.17	3.8175e-25
356.13	3.8181e-25
357.1	3.8187e-25
358.07	3.8192e-25
359.04	3.8198e-25
360.01	3.8204e-25
360.98	3.821e-25
361.96	3.8216e-25
362.94	3.8222e-25
363.92	3.8228e-25
364.91	3.8234e-25
365.9	3.824e-25
366.89	3.8246e-25
367.88	3.8252e-25
368.88	3.8258e-25
369.88	3.8265e-25
370.88	3.8271e-25
371.89	3.8277e-25
372.89	3.8284e-25
373.9	3.829e-25
374.92	3.8297e-25
375.93	3.8303e-25
376.95	3.831e-25
377.97	3.8316e-25
378.99	3.8323e-25
380.02	3.833e-25
381.05	3.8336e-25
382.08	3.8343e-25
383.12	3.835e-25
384.15	3.8357e-25
385.19	3.8364e-25
386.24	3.8371e-25
387.28	3.8378e-25
388.33	3.8385e-25
389.38	3.8392e-25
390.44	3.84e-25
391.5	3.8407e-25
392.56	3.8414e-25
393.62	3.8422e-25
394.69	3.8429e-25
395.76	3.8436e-25
396.83	3.8444e-25
397.9	3.8452e-25
398.98	3.8459e-25
400.06	3.8467e-25
401.14	3.8475e-25
402.23	3.8482e-25
403.32	3.849e-25
404.41	3.8498e-25
405.51	3.8506e-25
406.61	3.8514e-25
407.71	3.8522e-25
408.81	3.853e-25
409.92	3.8538e-25
411.03	3.8546e-25
412.14	3.8555e-25
413.26	3.8563e-25
414.38	3.8571e-25
415.5	3.858e-25
416.63	3.8588e-25
417.75	3.8597e-25
418.89	3.8606e-25
420.02	3.8614e-25
421.16	3.8623e-25
422.3	3.8632e-25
423.44	3.8641e-25
424.59	3.865e-25
425.74	3.8658e-25
426.89	3.8668e-25
428.05	3.8677e-25
429.21	3.8686e-25
430.37	3.8695e-25
431.54	3.8704e-25
432.7	3.8714e-25
433.88	3.8723e-25
435.05	3.8732e-25
436.23	3.8742e-25
437.41	3.8752e-25
438.6	3.8761e-25
439.78	3.8771e-25
440.98	3.8781e-25
442.17	3.8791e-25
443.37	3.8801e-25
444.57	3.8811e-25
445.77	3.8821e-25
446.98	3.8831e-25
448.19	3.8841e-25
449.4	3.8851e-25
450.62	3.8861e-25
451.84	3.8872e-25
453.07	3.8882e-25
454.29	3.8893e-25
455.52	3.8903e-25
456.76	3.8914e-25
457.99	3.8925e-25
459.23	3.8936e-25
460.48	3.8947e-25
461.73	3.8958e-25
462.98	3.8969e-25
464.23	3.898e-25
465.49	3.8991e-25
466.75	3.9002e-25
468.01	3.9013e-25
469.28	3.9025e-25
470.55	3.9036e-25
471.83	3.9048e-25
473.1	3.906e-25
474.38	3.9071e-25
475.67	3.9083e-25
476.96	3.9095e-25
478.25	3.9107e-25
479.54	3.9119e-25
480.84	3.9131e-25
482.15	3.9143e-25
483.45	3.9155e-25
484.76	3.9168e-25
486.07	3.918e-25
487.39	3.9193e-25
488.71	3.9205e-25
490.03	3.9218e-25
491.36	3.9231e-25
492.69	3.9244e-25
494.03	3.9257e-25
495.37	3.927e-25
496.71	3.9283e-25
498.05	3.9296e-25
499.4	3.9309e-25
500.75	3.9323e-25
502.11	3.9336e-25
503.47	3.935e-25
504.83	3.9363e-25
506.2	3.9377e-25
507.57	3.9391e-25
508.95	3.9405e-25
510.33	3.9419e-25
511.71	3.9433e-25
513.09	3.9447e-25
514.48	3.9461e-25
515.88	3.9476e-25
517.27	3.949e-25
518.67	3.9505e-25
520.08	3.9519e-25
521.49	3.9534e-25
522.9	3.9549e-25
524.32	3.9564e-25
525.74	3.9579e-25
527.16	3.9594e-25
528.59	3.9609e-25
530.02	3.9625e-25
531.46	3.964e-25
532.9	3.9656e-25
534.34	3.9671e-25
535.79	3.9687e-25
537.24	3.9703e-25
538.69	3.9719e-25
540.15	3.9735e-25
541.61	3.9751e-25
543.08	3.9767e-25
544.55	3.9784e-25
546.03	3.98e-25
547.51	3.9817e-25
548.99	3.9834e-25
550.48	3.985e-25
551.97	3.9867e-25
553.46	3.9884e-25
554.96	3.9902e-25
556.46	3.9919e-25
557.97	3.9936e-25
559.48	3.9954e-25
561	3.9971e-25
562.52	3.9989e-25
564.04	4.0007e-25
565.57	4.0025e-25
567.1	4.0043e-25
568.64	4.0061e-25
570.18	4.008e-25
571.72	4.0098e-25
573.27	4.0117e-25
574.82	4.0135e-25
576.38	4.0154e-25
577.94	4.0173e-25
579.51	4.0192e-25
581.07	4.0211e-25
582.65	4.0231e-25
584.23	4.025e-25
585.81	4.027e-25
587.4	4.0289e-25
588.99	4.0309e-25
590.58	4.0329e-25
592.18	4.0349e-25
593.79	4.037e-25
595.39	4.039e-25
597.01	4.0411e-25
598.62	4.0431e-25
600.24	4.0452e-25
601.87	4.0473e-25
603.5	4.0494e-25
605.13	4.0515e-25
606.77	4.0536e-25
608.42	4.0558e-25
610.07	4.0579e-25
611.72	4.0601e-25
613.37	4.0623e-25
615.04	4.0645e-25
616.7	4.0667e-25
618.37	4.069e-25
620.05	4.0712e-25
621.73	4.0735e-25
623.41	4.0758e-25
625.1	4.0781e-25
626.79	4.0804e-25
628.49	4.0827e-25
630.19	4.085e-25
631.9	4.0874e-25
633.61	4.0898e-25
635.33	4.0921e-25
637.05	4.0945e-25
638.77	4.097e-25
640.5	4.0994e-25
642.24	4.1018e-25
643.98	4.1043e-25
645.72	4.1068e-25
647.47	4.1093e-25
649.22	4.1118e-25
650.98	4.1143e-25
652.74	4.1169e-25
654.51	4.1195e-25
656.29	4.122e-25
658.06	4.1246e-25
659.85	4.1273e-25
661.63	4.1299e-25
663.42	4.1326e-25
665.22	4.1352e-25
667.02	4.1379e-25
668.83	4.1406e-25
670.64	4.1433e-25
672.46	4.1461e-25
674.28	4.1489e-25
676.11	4.1517e-25
677.94	4.1545e-25
679.77	4.1574e-25
681.61	4.1629e-25
683.46	4.1635e-25
685.31	4.1659e-25
687.17	4.1687e-25
689.03	4.1716e-25
690.89	4.1745e-25
692.77	4.1775e-25
694.64	4.1805e-25
696.52	4.1834e-25
698.41	4.1865e-25
700.3	4.1895e-25
702.2	4.1925e-25
704.1	4.1956e-25
706.01	4.1987e-25
707.92	4.2018e-25
709.84	4.2049e-25
711.76	4.2081e-25
713.69	4.2113e-25
715.62	4.2145e-25
717.56	4.2177e-25
719.5	4.2209e-25
721.45	4.2242e-25
723.4	4.2275e-25
725.36	4.2308e-25
727.33	4.2341e-25
729.3	4.2374e-25
731.27	4.2408e-25
733.25	4.2442e-25
735.24	4.2476e-25
737.23	4.2511e-25
739.23	4.2545e-25
741.23	4.258e-25
743.24	4.2615e-25
745.25	4.2651e-25
747.27	4.2686e-25
749.29	4.2722e-25
751.32	4.2758e-25
753.36	4.2794e-25
755.4	4.2831e-25
757.44	4.2868e-25
759.5	4.2905e-25
761.55	4.2942e-25
763.62	4.2979e-25
765.68	4.3017e-25
767.76	4.3055e-25
769.84	4.3093e-25
771.92	4.3132e-25
774.01	4.3171e-25
776.11	4.321e-25
778.21	4.3249e-25
780.32	4.3289e-25
782.43	4.3329e-25
784.55	4.3369e-25
786.68	4.3409e-25
788.81	4.345e-25
790.94	4.3491e-25
793.09	4.3532e-25
795.23	4.3574e-25
797.39	4.3615e-25
799.55	4.3657e-25
801.71	4.37e-25
803.89	4.3742e-25
806.06	4.3785e-25
808.25	4.3829e-25
810.43	4.3872e-25
812.63	4.3916e-25
814.83	4.396e-25
817.04	4.4004e-25
819.25	4.4049e-25
821.47	4.4094e-25
823.69	4.4139e-25
825.93	4.4185e-25
828.16	4.4231e-25
830.41	4.4277e-25
832.65	4.4324e-25
834.91	4.4371e-25
837.17	4.4418e-25
839.44	4.4465e-25
841.71	4.4513e-25
843.99	4.4561e-25
846.28	4.461e-25
848.57	4.4659e-25
850.87	4.4708e-25
853.17	4.4757e-25
855.48	4.4807e-25
857.8	4.4857e-25
860.12	4.4908e-25
862.45	4.4958e-25
864.79	4.501e-25
867.13	4.5061e-25
869.48	4.5113e-25
871.84	4.5165e-25
874.2	4.5218e-25
876.56	4.5271e-25
878.94	4.5324e-25
881.32	4.5378e-25
883.71	4.5432e-25
886.1	4.5486e-25
888.5	4.5541e-25
890.91	4.5596e-25
893.32	4.5652e-25
895.74	4.5707e-25
898.17	4.5764e-25
900.6	4.582e-25
903.04	4.5877e-25
905.48	4.5935e-25
907.94	4.5993e-25
910.39	4.6051e-25
912.86	4.611e-25
915.33	4.6169e-25
917.81	4.6228e-25
920.3	4.6288e-25
922.79	4.6348e-25
925.29	4.6409e-25
927.8	4.647e-25
930.31	4.6531e-25
932.83	4.6593e-25
935.35	4.6656e-25
937.89	4.6718e-25
940.43	4.6782e-25
942.98	4.6845e-25
945.53	4.6909e-25
948.09	4.6974e-25
950.66	4.7039e-25
953.23	4.7104e-25
955.82	4.717e-25
958.4	4.7236e-25
961	4.7303e-25
963.6	4.737e-25
966.21	4.7438e-25
968.83	4.7506e-25
971.45	4.7575e-25
974.08	4.7644e-25
976.72	4.7713e-25
979.37	4.7783e-25
982.02	4.7854e-25
984.68	4.7925e-25
987.35	4.7996e-25
990.02	4.8068e-25
992.7	4.8141e-25
995.39	4.8214e-25
998.09	4.8287e-25
1000.8	4.8361e-25
1003.5	4.8435e-25
1006.2	4.851e-25
1008.9	4.8586e-25
1011.7	4.8662e-25
1014.4	4.8738e-25
1017.2	4.8816e-25
1019.9	4.8893e-25
1022.7	4.8979e-25
1025.5	4.905e-25
1028.2	4.9129e-25
1031	4.9209e-25
1033.8	4.9289e-25
1036.6	4.937e-25
1039.4	4.9451e-25
1042.2	4.9533e-25
1045.1	4.9616e-25
1047.9	4.9699e-25
1050.7	4.9783e-25
1053.6	4.9867e-25
1056.4	4.9952e-25
1059.3	5.0037e-25
1062.2	5.0123e-25
1065	5.021e-25
1067.9	5.0297e-25
1070.8	5.0385e-25
1073.7	5.0473e-25
1076.6	5.0562e-25
1079.5	5.0652e-25
1082.5	5.0742e-25
1085.4	5.0833e-25
1088.3	5.0925e-25
1091.3	5.1017e-25
1094.2	5.111e-25
1097.2	5.1203e-25
1100.2	5.1297e-25
1103.1	5.1392e-25
1106.1	5.1487e-25
1109.1	5.1583e-25
1112.1	5.168e-25
1115.1	5.1777e-25
1118.2	5.1875e-25
1121.2	5.1974e-25
1124.2	5.2073e-25
1127.3	5.2173e-25
1130.3	5.2274e-25
1133.4	5.2376e-25
1136.5	5.2478e-25
1139.5	5.2581e-25
1142.6	5.2684e-25
1145.7	5.2788e-25
1148.8	5.2893e-25
1151.9	5.2999e-25
1155.1	5.3106e-25
1158.2	5.3213e-25
1161.3	5.3321e-25
1164.5	5.343e-25
1167.6	5.3539e-25
1170.8	5.3649e-25
1174	5.376e-25
1177.1	5.3872e-25
1180.3	5.3984e-25
1183.5	5.4098e-25
1186.7	5.4212e-25
1189.9	5.4327e-25
1193.2	5.4442e-25
1196.4	5.4559e-25
1199.6	5.4676e-25
1202.9	5.4794e-25
1206.1	5.4913e-25
1209.4	5.5033e-25
1212.7	5.5153e-25
1216	5.5275e-25
1219.3	5.5397e-25
1222.6	5.552e-25
1225.9	5.5644e-25
1229.2	5.5769e-25
1232.5	5.5894e-25
1235.9	5.6021e-25
1239.2	5.6148e-25
1242.6	5.6277e-25
1245.9	5.6406e-25
1249.3	5.6536e-25
1252.7	5.6667e-25
1256.1	5.6799e-25
1259.5	5.6932e-25
1262.9	5.7065e-25
1266.3	5.72e-25
1269.7	5.7336e-25
1273.2	5.7472e-25
1276.6	5.761e-25
1280.1	5.7748e-25
1283.6	5.7887e-25
1287	5.8028e-25
1290.5	5.8169e-25
1294	5.8311e-25
1297.5	5.8455e-25
1301	5.8599e-25
1304.6	5.8744e-25
1308.1	5.8891e-25
1311.6	5.9038e-25
1315.2	5.9186e-25
1318.7	5.9336e-25
1322.3	5.9486e-25
1325.9	5.9638e-25
1329.5	5.979e-25
1333.1	5.9944e-25
1336.7	6.0098e-25
1340.3	6.0254e-25
1344	6.0411e-25
1347.6	6.0569e-25
1351.2	6.0728e-25
1354.9	6.0888e-25
1358.6	6.1049e-25
1362.3	6.1212e-25
1365.9	6.1375e-25
1369.6	6.154e-25
1373.4	6.1705e-25
1377.1	6.1872e-25
1380.8	6.204e-25
1384.5	6.2209e-25
1388.3	6.238e-25
1392.1	6.2551e-25
1395.8	6.2724e-25
1399.6	6.2898e-25
1403.4	6.3073e-25
1407.2	6.325e-25
1411	6.3428e-25
1414.8	6.3606e-25
1418.7	6.3787e-25
1422.5	6.3968e-25
1426.4	6.4151e-25
1430.2	6.4335e-25
1434.1	6.452e-25
1438	6.4706e-25
1441.9	6.4894e-25
1445.8	6.5083e-25
1449.7	6.5274e-25
1453.6	6.5466e-25
1457.6	6.5659e-25
1461.5	6.5853e-25
1465.5	6.6049e-25
1469.4	6.6246e-25
1473.4	6.6445e-25
1477.4	6.6645e-25
1481.4	6.6846e-25
1485.4	6.7049e-25
1489.4	6.7253e-25
1493.5	6.7459e-25
1497.5	6.7666e-25
1501.6	6.7874e-25
1505.6	6.8084e-25
1509.7	6.8296e-25
1513.8	6.8509e-25
1517.9	6.8723e-25
1522	6.8939e-25
1526.1	6.9157e-25
1530.3	6.9375e-25
1534.4	6.9596e-25
1538.6	6.9818e-25
1542.7	7.0042e-25
1546.9	7.0267e-25
1551.1	7.0494e-25
1555.3	7.0722e-25
1559.5	7.0952e-25
1563.7	7.1183e-25
1568	7.1417e-25
1572.2	7.1651e-25
1576.5	7.1888e-25
1580.8	7.2126e-25
1585	7.2366e-25
1589.3	7.2608e-25
1593.6	7.2851e-25
1598	7.3096e-25
1602.3	7.3342e-25
1606.6	7.3591e-25
1611	7.3841e-25
1615.3	7.4093e-25
1619.7	7.4347e-25
1624.1	7.4602e-25
1628.5	7.4859e-25
1632.9	7.5119e-25
1637.3	7.538e-25
1641.8	7.5642e-25
1646.2	7.5907e-25
1650.7	7.6174e-25
1655.1	7.6442e-25
1659.6	7.6713e-25
1664.1	7.6985e-25
1668.6	7.7259e-25
1673.1	7.7535e-25
1677.7	7.7813e-25
1682.2	7.8093e-25
1686.8	7.8375e-25
1691.3	7.866e-25
1695.9	7.8946e-25
1700.5	7.9234e-25
1705.1	7.9544e-25
1709.7	7.9816e-25
1714.4	8.0111e-25
1719	8.0407e-25
1723.7	8.0706e-25
1728.3	8.1007e-25
1733	8.131e-25
1737.7	8.1615e-25
1742.4	8.1922e-25
1747.1	8.2231e-25
1751.9	8.2543e-25
1756.6	8.2857e-25
1761.4	8.3173e-25
1766.1	8.3491e-25
1770.9	8.3812e-25
1775.7	8.4135e-25
1780.5	8.4461e-25
1785.4	8.4788e-25
1790.2	8.5118e-25
1795	8.5451e-25
1799.9	8.5786e-25
1804.8	8.6123e-25
1809.7	8.6463e-25
1814.6	8.6805e-25
1819.5	8.715e-25
1824.4	8.7497e-25
1829.4	8.7847e-25
1834.3	8.8199e-25
1839.3	8.8554e-25
1844.3	8.8911e-25
1849.3	8.9271e-25
1854.3	8.9634e-25
1859.3	8.9999e-25
1864.3	9.0367e-25
1869.4	9.0738e-25
1874.4	9.1111e-25
1879.5	9.1487e-25
1884.6	9.1866e-25
1889.7	9.2248e-25
1894.8	9.2632e-25
1900	9.3019e-25
1905.1	9.341e-25
1910.3	9.3803e-25
1915.4	9.4198e-25
1920.6	9.4597e-25
1925.8	9.4999e-25
1931	9.5404e-25
1936.3	9.5812e-25
1941.5	9.6222e-25
1946.8	9.6636e-25
1952	9.7053e-25
1957.3	9.7473e-25
1962.6	9.7897e-25
1968	9.8323e-25
1973.3	9.8752e-25
1978.6	9.9185e-25
1984	9.9621e-25
1989.4	1.0006e-24
1994.7	1.005e-24
2000.2	1.0095e-24
2005.6	1.014e-24
2011	1.0185e-24
2016.4	1.0231e-24
2021.9	1.0277e-24
2027.4	1.0323e-24
2032.9	1.037e-24
2038.4	1.0417e-24
2043.9	1.0464e-24
2049.4	1.0512e-24
2055	1.056e-24
2060.6	1.0608e-24
2066.1	1.0657e-24
2071.7	1.0706e-24
2077.3	1.0756e-24
2083	1.0806e-24
2088.6	1.0856e-24
2094.3	1.0907e-24
2099.9	1.0958e-24
2105.6	1.1009e-24
2111.3	1.1061e-24
2117	1.1114e-24
2122.8	1.1166e-24
2128.5	1.122e-24
2134.3	1.1273e-24
2140.1	1.1327e-24
2145.9	1.1381e-24
2151.7	1.1436e-24
2157.5	1.1492e-24
2163.4	1.1547e-24
2169.2	1.1603e-24
2175.1	1.166e-24
2181	1.1717e-24
2186.9	1.1774e-24
2192.8	1.1832e-24
2198.8	1.1891e-24
2204.7	1.195e-24
2210.7	1.2009e-24
2216.7	1.2069e-24
2222.7	1.2129e-24
2228.7	1.219e-24
2234.7	1.2251e-24
2240.8	1.2313e-24
2246.9	1.2375e-24
2252.9	1.2438e-24
2259	1.2501e-24
2265.2	1.2564e-24
2271.3	1.2629e-24
2277.4	1.2694e-24
2283.6	1.2759e-24
2289.8	1.2825e-24
2296	1.2891e-24
2302.2	1.2958e-24
2308.5	1.3025e-24
2314.7	1.3093e-24
2321	1.3162e-24
2327.3	1.3231e-24
2333.6	1.3301e-24
2339.9	1.3371e-24
2346.2	1.3442e-24
2352.6	1.3514e-24
2358.9	1.3586e-24
2365.3	1.3658e-24
2371.7	1.3732e-24
2378.2	1.3806e-24
2384.6	1.388e-24
2391.1	1.3955e-24
2397.5	1.4031e-24
2404	1.4107e-24
2410.5	1.4184e-24
2417.1	1.4262e-24
2423.6	1.4341e-24
2430.2	1.442e-24
2436.8	1.4499e-24
2443.4	1.458e-24
2450	1.4661e-24
2456.6	1.4743e-24
2463.3	1.4825e-24
2469.9	1.4908e-24
2476.6	1.4992e-24
2483.3	1.5077e-24
2490.1	1.5162e-24
2496.8	1.5248e-24
2503.6	1.5335e-24
2510.4	1.5423e-24
2517.2	1.5511e-24
2524	1.56e-24
2530.8	1.569e-24
2537.7	1.5781e-24
2544.5	1.5872e-24
2551.4	1.5964e-24
2558.3	1.6058e-24
2565.3	1.6151e-24
2572.2	1.6246e-24
2579.2	1.6342e-24
2586.2	1.6438e-24
2593.2	1.6535e-24
2600.2	1.6633e-24
2607.2	1.6732e-24
2614.3	1.6832e-24
2621.4	1.6933e-24
2628.5	1.7034e-24
2635.6	1.7137e-24
2642.7	1.724e-24
2649.9	1.7344e-24
2657.1	1.745e-24
2664.3	1.7556e-24
2671.5	1.7663e-24
2678.7	1.7771e-24
2686	1.788e-24
2693.3	1.7989e-24
2700.6	1.81e-24
2707.9	1.8212e-24
2715.2	1.8325e-24
2722.6	1.8438e-24
2729.9	1.8553e-24
2737.3	1.8669e-24
2744.7	1.8785e-24
2752.2	1.8903e-24
2759.6	1.9022e-24
2767.1	1.9141e-24
2774.6	1.9262e-24
2782.1	1.9384e-24
2789.6	1.9506e-24
2797.2	1.963e-24
2804.8	1.9755e-24
2812.4	1.9881e-24
2820	2.0007e-24
2827.6	2.0135e-24
2835.3	2.0264e-24
2843	2.0393e-24
2850.7	2.0524e-24
2858.4	2.0656e-24
2866.1	2.0788e-24
2873.9	2.0922e-24
2881.7	2.1057e-24
2889.5	2.1192e-24
2897.3	2.1329e-24
2905.2	2.1466e-24
2913	2.1604e-24
2920.9	2.1743e-24
2928.8	2.1884e-24
2936.8	2.2024e-24
2944.7	2.2166e-24
2952.7	2.2309e-24
2960.7	2.2452e-24
2968.7	2.2596e-24
2976.7	2.2741e-24
2984.8	2.2886e-24
2992.9	2.3032e-24
3001	2.3179e-24
3009.1	2.3326e-24
3017.3	2.3473e-24
3025.4	2.3621e-24
3033.6	2.3769e-24
3041.9	2.3918e-24
3050.1	2.4067e-24
3058.4	2.4215e-24
3066.6	2.4364e-24
3074.9	2.4513e-24
3083.3	2.4662e-24
3091.6	2.4811e-24
3100	2.4959e-24
3108.4	2.5106e-24
3116.8	2.5254e-24
3125.3	2.54e-24
3133.7	2.5546e-24
3142.2	2.569e-24
3150.7	2.5834e-24
3159.3	2.5976e-24
3167.8	2.6117e-24
3176.4	2.6256e-24
3185	2.6394e-24
3193.6	2.6529e-24
3202.3	2.6662e-24
3210.9	2.6793e-24
3219.6	2.6921e-24
3228.4	2.7046e-24
3237.1	2.7168e-24
3245.9	2.7287e-24
3254.7	2.7402e-24
3263.5	2.7513e-24
3272.3	2.762e-24
3281.2	2.7723e-24
3290.1	2.782e-24
3299	2.7913e-24
3307.9	2.8e-24
3316.9	2.8082e-24
3325.9	2.8158e-24
3334.9	2.8227e-24
3343.9	2.8289e-24
3353	2.8345e-24
3362	2.8393e-24
3371.1	2.8434e-24
3380.3	2.8466e-24
3389.4	2.849e-24
3398.6	2.8506e-24
3407.8	2.8513e-24
3417	2.851e-24
3426.3	2.8498e-24
3435.6	2.8476e-24
3444.9	2.8444e-24
3454.2	2.8402e-24
3463.6	2.8349e-24
3472.9	2.8286e-24
3482.4	2.8211e-24
3491.8	2.8126e-24
3501.2	2.803e-24
3510.7	2.7922e-24
3520.2	2.7803e-24
3529.8	2.7673e-24
3539.3	2.7532e-24
3548.9	2.7379e-24
3558.5	2.7216e-24
3568.2	2.7041e-24
3577.8	2.6856e-24
3587.5	2.666e-24
3597.2	2.6453e-24
3607	2.6237e-24
3616.8	2.601e-24
3626.5	2.5774e-24
3636.4	2.5529e-24
3646.2	2.5276e-24
3656.1	2.5013e-24
3666	2.4743e-24
3675.9	2.4466e-24
3685.9	2.4181e-24
3695.9	2.389e-24
3705.9	2.3593e-24
3715.9	2.329e-24
3726	2.2983e-24
3736.1	2.2671e-24
3746.2	2.2355e-24
3756.3	2.2036e-24
3766.5	2.1714e-24
3776.7	2.139e-24
3786.9	2.1064e-24
3797.2	2.0737e-24
3807.5	2.0409e-24
3817.8	2.0081e-24
3828.1	1.9754e-24
3838.5	1.9427e-24
3848.9	1.9102e-24
3859.3	1.8778e-24
3869.8	1.8457e-24
3880.3	1.8139e-24
3890.8	1.7824e-24
3901.3	1.7512e-24
3911.9	1.7205e-24
3922.5	1.6902e-24
3933.1	1.6604e-24
3943.7	1.6311e-24
3954.4	1.6024e-24
3965.1	1.5743e-24
3975.9	1.5468e-24
3986.6	1.52e-24
3997.4	1.4939e-24
4008.3	1.4686e-24
4019.1	1.444e-24
4030	1.4202e-24
4040.9	1.3972e-24
4051.9	1.3751e-24
4062.8	1.3539e-24
4073.8	1.3336e-24
4084.9	1.3142e-24
4095.9	1.2958e-24
4107	1.2783e-24
4118.2	1.2618e-24
4129.3	1.2464e-24
4140.5	1.2319e-24
4151.7	1.2185e-24
4163	1.2062e-24
4174.2	1.1949e-24
4185.5	1.1846e-24
4196.9	1.1754e-24
4208.2	1.1673e-24
4219.6	1.1602e-24
4231.1	1.1542e-24
4242.5	1.1493e-24
4254	1.1454e-24
4265.5	1.1425e-24
4277.1	1.1406e-24
4288.7	1.1397e-24
4300.3	1.1398e-24
4311.9	1.1409e-24
4323.6	1.1429e-24
4335.3	1.1457e-24
4347.1	1.1495e-24
4358.8	1.1541e-24
4370.7	1.1596e-24
4382.5	1.1658e-24
4394.4	1.1728e-24
4406.3	1.1806e-24
4418.2	1.1891e-24
4430.2	1.1982e-24
4442.2	1.208e-24
4454.2	1.2184e-24
4466.3	1.2294e-24
4478.4	1.241e-24
4490.5	1.2531e-24
4502.6	1.2658e-24
4514.8	1.2789e-24
4527.1	1.2925e-24
4539.3	1.3066e-24
4551.6	1.3211e-24
4564	1.3359e-24
4576.3	1.3512e-24
4588.7	1.3668e-24
4601.1	1.3828e-24
4613.6	1.3991e-24
4626.1	1.4157e-24
4638.6	1.4326e-24
4651.2	1.4497e-24
4663.8	1.4672e-24
4676.4	1.4849e-24
4689.1	1.5028e-24
4701.8	1.521e-24
4714.5	1.5394e-24
4727.3	1.558e-24
4740.1	1.5767e-24
4752.9	1.5957e-24
4765.8	1.6149e-24
4778.7	1.6342e-24
4791.7	1.6538e-24
4804.6	1.6734e-24
4817.6	1.6933e-24
4830.7	1.7132e-24
4843.8	1.7333e-24
4856.9	1.7536e-24
4870.1	1.774e-24
4883.2	1.7945e-24
4896.5	1.8152e-24
4909.7	1.8359e-24
4923	1.8568e-24
4936.4	1.8778e-24
4949.7	1.8989e-24
4963.1	1.9201e-24
4976.6	1.9415e-24
4990.1	1.9629e-24
5003.6	1.9844e-24
5017.1	2.0061e-24
5030.7	2.0278e-24
5044.3	2.0497e-24
5058	2.0716e-24
5071.7	2.0936e-24
5085.4	2.1157e-24
5099.2	2.138e-24
5113	2.1603e-24
5126.9	2.1827e-24
5140.8	2.2052e-24
5154.7	2.2278e-24
5168.6	2.2504e-24
5182.6	2.2732e-24
5196.7	2.2961e-24
5210.8	2.319e-24
5224.9	2.3421e-24
5239	2.3652e-24
5253.2	2.3884e-24
5267.4	2.4117e-24
5281.7	2.4351e-24
5296	2.4586e-24
5310.4	2.4822e-24
5324.7	2.5059e-24
5339.2	2.5296e-24
5353.6	2.5535e-24
5368.1	2.5775e-24
5382.7	2.6015e-24
5397.2	2.6257e-24
5411.9	2.6499e-24
5426.5	2.6742e-24
5441.2	2.6987e-24
5456	2.7232e-24
5470.7	2.7478e-24
5485.5	2.7726e-24
5500.4	2.7974e-24
5515.3	2.8223e-24
5530.2	2.8474e-24
5545.2	2.8725e-24
5560.2	2.8977e-24
5575.3	2.9231e-24
5590.4	2.9485e-24
5605.5	2.9741e-24
5620.7	2.9997e-24
5635.9	3.0255e-24
5651.2	3.0514e-24
5666.5	3.0774e-24
5681.9	3.1035e-24
5697.3	3.1297e-24
5712.7	3.156e-24
5728.2	3.1824e-24
5743.7	3.209e-24
5759.2	3.2357e-24
5774.8	3.2624e-24
5790.5	3.2894e-24
5806.2	3.3164e-24
5821.9	3.3435e-24
5837.6	3.3708e-24
5853.5	3.3982e-24
5869.3	3.4257e-24
5885.2	3.4533e-24
5901.1	3.4811e-24
5917.1	3.509e-24
5933.2	3.537e-24
5949.2	3.5651e-24
5965.3	3.5934e-24
5981.5	3.6218e-24
5997.7	3.6504e-24
6013.9	3.679e-24
6030.2	3.7078e-24
6046.6	3.7368e-24
6062.9	3.7658e-24
6079.4	3.795e-24
6095.8	3.8244e-24
6112.3	3.8539e-24
6128.9	3.8835e-24
6145.5	3.9132e-24
6162.1	3.9431e-24
6178.8	3.9731e-24
6195.6	4.0033e-24
6212.3	4.0336e-24
6229.2	4.0641e-24
6246	4.0947e-24
6263	4.1254e-24
6279.9	4.1563e-24
6296.9	4.1873e-24
6314	4.2184e-24
6331.1	4.2497e-24
6348.2	4.2811e-24
6365.4	4.3127e-24
6382.7	4.3444e-24
6400	4.3762e-24
6417.3	4.4082e-24
6434.7	4.4403e-24
6452.1	4.4725e-24
6469.6	4.5049e-24
6487.1	4.5374e-24
6504.7	4.57e-24
6522.3	4.6027e-24
6540	4.6355e-24
6557.7	4.6685e-24
6575.4	4.7016e-24
6593.2	4.7347e-24
6611.1	4.768e-24
6629	4.8013e-24
6647	4.8347e-24
6665	4.8682e-24
6683	4.9018e-24
6701.1	4.9354e-24
6719.3	4.969e-24
6737.5	5.0027e-24
6755.7	5.0364e-24
6774	5.0701e-24
6792.4	5.1037e-24
6810.7	5.1374e-24
6829.2	5.1709e-24
6847.7	5.2044e-24
6866.2	5.2378e-24
6884.8	5.271e-24
6903.5	5.304e-24
6922.2	5.3368e-24
6940.9	5.3694e-24
6959.7	5.4017e-24
6978.6	5.4336e-24
6997.5	5.4651e-24
7016.4	5.4961e-24
7035.4	5.5266e-24
7054.5	5.5564e-24
7073.6	5.5855e-24
7092.8	5.6138e-24
7112	5.6411e-24
7131.2	5.6674e-24
7150.5	5.6924e-24
7169.9	5.7161e-24
7189.3	5.7382e-24
7208.8	5.7586e-24
7228.3	5.7769e-24
7247.9	5.793e-24
7267.5	5.8065e-24
7287.2	5.8171e-24
7307	5.8245e-24
7326.7	5.8282e-24
7346.6	5.8278e-24
7366.5	5.8227e-24
7386.4	5.8124e-24
7406.4	5.7963e-24
7426.5	5.7737e-24
7446.6	5.7438e-24
7466.8	5.7059e-24
7487	5.6591e-24
7507.3	5.6026e-24
7527.6	5.5357e-24
7548	5.4575e-24
7568.5	5.3674e-24
7589	5.2651e-24
7609.5	5.1505e-24
7630.1	5.024e-24
7650.8	4.8865e-24
7671.5	4.7399e-24
7692.3	4.5868e-24
7713.1	4.431e-24
7734	4.2773e-24
7755	4.1318e-24
7776	4.0011e-24
7797	3.8923e-24
7818.1	3.812e-24
7839.3	3.7656e-24
7860.6	3.7563e-24
7881.8	3.7849e-24
7903.2	3.8496e-24
7924.6	3.9464e-24
7946.1	4.0701e-24
7967.6	4.2148e-24
7989.2	4.3751e-24
8010.8	4.5459e-24
8032.5	4.7228e-24
8054.3	4.9027e-24
8076.1	5.0827e-24
8097.9	5.261e-24
8119.9	5.4363e-24
8141.9	5.6076e-24
8163.9	5.7744e-24
8186	5.9363e-24
8208.2	6.0932e-24
8230.4	6.2453e-24
8252.7	6.3925e-24
8275.1	6.5353e-24
8297.5	6.6736e-24
8320	6.8079e-24
8342.5	6.9385e-24
8365.1	7.0655e-24
8387.8	7.1893e-24
8410.5	7.3101e-24
8433.2	7.4283e-24
8456.1	7.544e-24
8479	7.6574e-24
8502	7.7689e-24
8525	7.8786e-24
8548.1	7.9867e-24
8571.2	8.0933e-24
8594.4	8.1987e-24
8617.7	8.3031e-24
8641.1	8.4064e-24
8664.5	8.509e-24
8687.9	8.6109e-24
8711.5	8.7123e-24
8735.1	8.8133e-24
8758.7	8.9139e-24
8782.4	9.0143e-24
8806.2	9.1146e-24
8830.1	9.2149e-24
8854	9.3153e-24
8878	9.4158e-24
8902	9.5166e-24
8926.1	9.6178e-24
8950.3	9.7194e-24
8974.5	9.8214e-24
8998.9	9.9241e-24
9023.2	1.0027e-23
9047.7	1.0131e-23
9072.2	1.0236e-23
9096.7	1.0342e-23
9121.4	1.0449e-23
9146.1	1.0557e-23
9170.9	1.0665e-23
9195.7	1.0776e-23
9220.6	1.0887e-23
9245.6	1.1e-23
9270.6	1.1114e-23
9295.7	1.123e-23
9320.9	1.1348e-23
9346.2	1.1467e-23
9371.5	1.1588e-23
9396.8	1.1711e-23
9422.3	1.1836e-23
9447.8	1.1964e-23
9473.4	1.2094e-23
9499.1	1.2226e-23
9524.8	1.2361e-23
9550.6	1.2498e-23
9576.5	1.2639e-23
9602.4	1.2783e-23
9628.4	1.293e-23
9654.5	1.308e-23
9680.6	1.3235e-23
9706.9	1.3393e-23
9733.1	1.3555e-23
9759.5	1.3722e-23
9785.9	1.3894e-23
9812.4	1.407e-23
9839	1.4253e-23
9865.7	1.4441e-23
9892.4	1.4635e-23
9919.2	1.4836e-23
9946	1.5044e-23
9973	1.526e-23
10000	1.5484e-23
