# https://cosmicexplorer.org/data/CE2_strain.txt
3	3.7939e-20
3.0081	3.6645e-20
3.0163	3.5404e-20
3.0244	3.4215e-20
3.0326	3.3074e-20
3.0408	3.1981e-20
3.0491	3.0932e-20
3.0573	2.9926e-20
3.0656	2.8961e-20
3.0739	2.8034e-20
3.0823	2.7144e-20
3.0906	2.629e-20
3.099	2.547e-20
3.1074	2.4682e-20
3.1158	2.3925e-20
3.1242	2.3198e-20
3.1327	2.25e-20
3.1412	2.1828e-20
3.1497	2.1183e-20
3.1582	2.0563e-20
3.1668	1.9967e-20
3.1753	1.9394e-20
3.1839	1.8842e-20
3.1926	1.8313e-20
3.2012	1.7803e-20
3.2099	1.7313e-20
3.2186	1.6843e-20
3.2273	1.639e-20
3.236	1.5954e-20
3.2448	1.5536e-20
3.2536	1.5133e-20
3.2624	1.4746e-20
3.2712	1.4375e-20
3.2801	1.4017e-20
3.289	1.3674e-20
3.2979	1.3344e-20
3.3068	1.3027e-20
3.3158	1.2723e-20
3.3248	1.2431e-20
3.3338	1.215e-20
3.3428	1.1881e-20
3.3518	1.1624e-20
3.3609	1.1377e-20
3.37	1.114e-20
3.3791	1.0914e-20
3.3883	1.0697e-20
3.3975	1.049e-20
3.4067	1.0293e-20
3.4159	1.0104e-20
3.4252	9.925e-21
3.4344	9.7545e-21
3.4437	9.5926e-21
3.4531	9.4393e-21
3.4624	9.2944e-21
3.4718	9.1578e-21
3.4812	9.0294e-21
3.4906	8.9092e-21
3.5001	8.7972e-21
3.5096	8.6932e-21
3.5191	8.5975e-21
3.5286	8.51e-21
3.5382	8.4307e-21
3.5477	8.3599e-21
3.5573	8.2977e-21
3.567	8.2443e-21
3.5766	8.1999e-21
3.5863	8.1649e-21
3.596	8.1397e-21
3.6058	8.1246e-21
3.6156	8.1202e-21
3.6253	8.1272e-21
3.6352	8.1464e-21
3.645	8.1785e-21
3.6549	8.2247e-21
3.6648	8.2863e-21
3.6747	8.3647e-21
3.6847	8.4618e-21
3.6946	8.5797e-21
3.7046	8.7211e-21
3.7147	8.8891e-21
3.7247	9.0878e-21
3.7348	9.322e-21
3.7449	9.598e-21
3.7551	9.9236e-21
3.7653	1.0309e-20
3.7755	1.0767e-20
3.7857	1.1317e-20
3.7959	1.1982e-20
3.8062	1.2797e-20
3.8165	1.3812e-20
3.8269	1.5103e-20
3.8372	1.6788e-20
3.8476	1.9069e-20
3.858	2.2312e-20
3.8685	2.726e-20
3.879	3.5694e-20
3.8895	5.3201e-20
3.9	1.1101e-19
3.9106	7.1538e-19
3.9212	8.0845e-20
3.9318	4.1684e-20
3.9424	2.7576e-20
3.9531	2.0321e-20
3.9638	1.5911e-20
3.9746	1.2952e-20
3.9853	1.0833e-20
3.9961	9.2447e-21
4.0069	8.0116e-21
4.0178	7.0284e-21
4.0287	6.2275e-21
4.0396	5.5637e-21
4.0505	5.0054e-21
4.0615	4.5301e-21
4.0725	4.1211e-21
4.0835	3.7661e-21
4.0946	3.4553e-21
4.1057	3.1815e-21
4.1168	2.9388e-21
4.1279	2.7223e-21
4.1391	2.5283e-21
4.1503	2.3537e-21
4.1616	2.196e-21
4.1728	2.0528e-21
4.1842	1.9225e-21
4.1955	1.8036e-21
4.2068	1.6946e-21
4.2182	1.5946e-21
4.2297	1.5025e-21
4.2411	1.4176e-21
4.2526	1.339e-21
4.2641	1.2662e-21
4.2757	1.1987e-21
4.2873	1.1359e-21
4.2989	1.0773e-21
4.3105	1.0228e-21
4.3222	9.7176e-22
4.3339	9.2404e-22
4.3456	8.7933e-22
4.3574	8.3739e-22
4.3692	7.98e-22
4.381	7.6096e-22
4.3929	7.2609e-22
4.4048	6.9324e-22
4.4167	6.6225e-22
4.4287	6.3299e-22
4.4407	6.0534e-22
4.4527	5.7919e-22
4.4648	5.5444e-22
4.4769	5.3099e-22
4.489	5.0876e-22
4.5012	4.8766e-22
4.5133	4.6764e-22
4.5256	4.4861e-22
4.5378	4.3052e-22
4.5501	4.1331e-22
4.5624	3.9693e-22
4.5748	3.8133e-22
4.5872	3.6646e-22
4.5996	3.5229e-22
4.6121	3.3876e-22
4.6246	3.2586e-22
4.6371	3.1353e-22
4.6496	3.0175e-22
4.6622	2.905e-22
4.6749	2.7973e-22
4.6875	2.6944e-22
4.7002	2.5958e-22
4.713	2.5015e-22
4.7257	2.4111e-22
4.7385	2.3246e-22
4.7514	2.2416e-22
4.7642	2.162e-22
4.7771	2.0857e-22
4.7901	2.0124e-22
4.803	1.9422e-22
4.8161	1.8747e-22
4.8291	1.8099e-22
4.8422	1.7476e-22
4.8553	1.6878e-22
4.8684	1.6303e-22
4.8816	1.575e-22
4.8948	1.5218e-22
4.9081	1.4707e-22
4.9214	1.4215e-22
4.9347	1.3741e-22
4.9481	1.3285e-22
4.9615	1.2846e-22
4.9749	1.2423e-22
4.9884	1.2016e-22
5.0019	1.1623e-22
5.0155	1.1245e-22
5.0291	1.0881e-22
5.0427	1.0529e-22
5.0563	1.019e-22
5.07	9.8636e-23
5.0838	9.5483e-23
5.0975	9.2442e-23
5.1113	8.9507e-23
5.1252	8.6674e-23
5.1391	8.394e-23
5.153	8.13e-23
5.1669	7.8752e-23
5.1809	7.629e-23
5.195	7.3913e-23
5.209	7.1616e-23
5.2231	6.9397e-23
5.2373	6.7254e-23
5.2515	6.5182e-23
5.2657	6.3179e-23
5.28	6.1243e-23
5.2943	5.9372e-23
5.3086	5.7562e-23
5.323	5.5812e-23
5.3374	5.412e-23
5.3518	5.2483e-23
5.3663	5.0899e-23
5.3809	4.9367e-23
5.3955	4.7885e-23
5.4101	4.6451e-23
5.4247	4.5062e-23
5.4394	4.3719e-23
5.4541	4.2418e-23
5.4689	4.1159e-23
5.4837	3.994e-23
5.4986	3.876e-23
5.5135	3.7617e-23
5.5284	3.651e-23
5.5434	3.5438e-23
5.5584	3.44e-23
5.5734	3.3394e-23
5.5885	3.242e-23
5.6037	3.1476e-23
5.6189	3.0561e-23
5.6341	2.9675e-23
5.6493	2.8816e-23
5.6646	2.7984e-23
5.68	2.7177e-23
5.6954	2.6395e-23
5.7108	2.5637e-23
5.7263	2.4902e-23
5.7418	2.419e-23
5.7573	2.3499e-23
5.7729	2.2829e-23
5.7885	2.218e-23
5.8042	2.155e-23
5.8199	2.0939e-23
5.8357	2.0346e-23
5.8515	1.9772e-23
5.8674	1.9214e-23
5.8833	1.8674e-23
5.8992	1.8149e-23
5.9152	1.764e-23
5.9312	1.7147e-23
5.9473	1.6668e-23
5.9634	1.6203e-23
5.9795	1.5752e-23
5.9957	1.5314e-23
6.0119	1.4889e-23
6.0282	1.4477e-23
6.0446	1.4077e-23
6.0609	1.3689e-23
6.0773	1.3312e-23
6.0938	1.2946e-23
6.1103	1.2591e-23
6.1269	1.2246e-23
6.1435	1.1911e-23
6.1601	1.1586e-23
6.1768	1.127e-23
6.1935	1.0964e-23
6.2103	1.0666e-23
6.2271	1.0378e-23
6.244	1.0097e-23
6.2609	9.8245e-24
6.2778	9.56e-24
6.2948	9.3031e-24
6.3119	9.0535e-24
6.329	8.8112e-24
6.3461	8.5758e-24
6.3633	8.3472e-24
6.3806	8.1251e-24
6.3978	7.9094e-24
6.4152	7.6999e-24
6.4325	7.4963e-24
6.45	7.2986e-24
6.4674	7.1065e-24
6.4849	6.9199e-24
6.5025	6.7387e-24
6.5201	6.5625e-24
6.5378	6.3914e-24
6.5555	6.2252e-24
6.5732	6.0637e-24
6.591	5.9067e-24
6.6089	5.7543e-24
6.6268	5.6061e-24
6.6447	5.4622e-24
6.6627	5.3223e-24
6.6808	5.1864e-24
6.6989	5.0543e-24
6.717	4.926e-24
6.7352	4.8013e-24
6.7535	4.6802e-24
6.7718	4.5624e-24
6.7901	4.448e-24
6.8085	4.3369e-24
6.8269	4.2288e-24
6.8454	4.1239e-24
6.864	4.0218e-24
6.8826	3.9227e-24
6.9012	3.8264e-24
6.9199	3.7328e-24
6.9386	3.6418e-24
6.9574	3.5534e-24
6.9763	3.4675e-24
6.9952	3.3841e-24
7.0141	3.303e-24
7.0331	3.2242e-24
7.0522	3.1476e-24
7.0713	3.0732e-24
7.0904	3.0009e-24
7.1096	2.9306e-24
7.1289	2.8624e-24
7.1482	2.796e-24
7.1675	2.7316e-24
7.1869	2.669e-24
7.2064	2.6081e-24
7.2259	2.549e-24
7.2455	2.4916e-24
7.2651	2.4358e-24
7.2848	2.3816e-24
7.3045	2.329e-24
7.3243	2.2778e-24
7.3442	2.2281e-24
7.364	2.1798e-24
7.384	2.1329e-24
7.404	2.0874e-24
7.424	2.0431e-24
7.4442	2.0002e-24
7.4643	1.9584e-24
7.4845	1.9179e-24
7.5048	1.8785e-24
7.5251	1.8402e-24
7.5455	1.8031e-24
7.5659	1.767e-24
7.5864	1.7319e-24
7.607	1.6979e-24
7.6276	1.6648e-24
7.6483	1.6327e-24
7.669	1.6016e-24
7.6897	1.5713e-24
7.7106	1.5419e-24
7.7314	1.5133e-24
7.7524	1.4856e-24
7.7734	1.4587e-24
7.7944	1.4325e-24
7.8156	1.4071e-24
7.8367	1.3824e-24
7.8579	1.3585e-24
7.8792	1.3352e-24
7.9006	1.3126e-24
7.922	1.2907e-24
7.9434	1.2694e-24
7.9649	1.2487e-24
7.9865	1.2286e-24
8.0081	1.209e-24
8.0298	1.1901e-24
8.0516	1.1716e-24
8.0734	1.1537e-24
8.0953	1.1363e-24
8.1172	1.1194e-24
8.1392	1.103e-24
8.1612	1.087e-24
8.1833	1.0715e-24
8.2055	1.0564e-24
8.2277	1.0417e-24
8.25	1.0275e-24
8.2723	1.0136e-24
8.2947	1.0001e-24
8.3172	9.8698e-25
8.3397	9.7421e-25
8.3623	9.618e-25
8.385	9.4971e-25
8.4077	9.3795e-25
8.4304	9.265e-25
8.4533	9.1535e-25
8.4762	9.045e-25
8.4991	8.9392e-25
8.5222	8.8362e-25
8.5452	8.7358e-25
8.5684	8.638e-25
8.5916	8.5426e-25
8.6149	8.4496e-25
8.6382	8.3589e-25
8.6616	8.2704e-25
8.685	8.184e-25
8.7086	8.0997e-25
8.7322	8.0174e-25
8.7558	7.9371e-25
8.7795	7.8586e-25
8.8033	7.7819e-25
8.8271	7.7069e-25
8.8511	7.6336e-25
8.875	7.5619e-25
8.8991	7.4918e-25
8.9232	7.4231e-25
8.9473	7.356e-25
8.9716	7.2902e-25
8.9959	7.2258e-25
9.0202	7.1627e-25
9.0447	7.1009e-25
9.0692	7.0403e-25
9.0937	6.9808e-25
9.1184	6.9225e-25
9.1431	6.8654e-25
9.1678	6.8092e-25
9.1926	6.7541e-25
9.2175	6.7e-25
9.2425	6.6468e-25
9.2675	6.5946e-25
9.2926	6.5433e-25
9.3178	6.4928e-25
9.3431	6.4432e-25
9.3684	6.3944e-25
9.3937	6.3463e-25
9.4192	6.2991e-25
9.4447	6.2525e-25
9.4703	6.2067e-25
9.4959	6.1616e-25
9.5216	6.1171e-25
9.5474	6.0733e-25
9.5733	6.0301e-25
9.5992	5.9875e-25
9.6252	5.9455e-25
9.6513	5.9041e-25
9.6774	5.8633e-25
9.7036	5.823e-25
9.7299	5.7832e-25
9.7563	5.7439e-25
9.7827	5.7052e-25
9.8092	5.6669e-25
9.8358	5.6291e-25
9.8624	5.5918e-25
9.8891	5.5549e-25
9.9159	5.5184e-25
9.9427	5.4824e-25
9.9697	5.4468e-25
9.9967	5.4117e-25
10.024	5.3769e-25
10.051	5.3425e-25
10.078	5.3086e-25
10.105	5.275e-25
10.133	5.2417e-25
10.16	5.2089e-25
10.188	5.1764e-25
10.215	5.1443e-25
10.243	5.1125e-25
10.271	5.0811e-25
10.299	5.05e-25
10.326	5.0192e-25
10.354	4.9887e-25
10.382	4.9586e-25
10.411	4.9288e-25
10.439	4.8993e-25
10.467	4.8701e-25
10.495	4.8412e-25
10.524	4.8126e-25
10.552	4.7843e-25
10.581	4.7563e-25
10.61	4.7286e-25
10.638	4.7011e-25
10.667	4.674e-25
10.696	4.6471e-25
10.725	4.6205e-25
10.754	4.5942e-25
10.783	4.5681e-25
10.812	4.5424e-25
10.842	4.5168e-25
10.871	4.4916e-25
10.9	4.4666e-25
10.93	4.4419e-25
10.96	4.4174e-25
10.989	4.3932e-25
11.019	4.3693e-25
11.049	4.3456e-25
11.079	4.3221e-25
11.109	4.2989e-25
11.139	4.276e-25
11.169	4.2532e-25
11.199	4.2308e-25
11.23	4.2086e-25
11.26	4.1866e-25
11.291	4.1648e-25
11.321	4.1433e-25
11.352	4.122e-25
11.383	4.101e-25
11.413	4.0802e-25
11.444	4.0596e-25
11.475	4.0393e-25
11.506	4.0191e-25
11.538	3.9992e-25
11.569	3.9796e-25
11.6	3.9601e-25
11.632	3.9409e-25
11.663	3.9219e-25
11.695	3.9031e-25
11.726	3.8845e-25
11.758	3.8661e-25
11.79	3.8479e-25
11.822	3.83e-25
11.854	3.8122e-25
11.886	3.7947e-25
11.918	3.7774e-25
11.95	3.7602e-25
11.983	3.7433e-25
12.015	3.7266e-25
12.048	3.71e-25
12.08	3.6937e-25
12.113	3.6775e-25
12.146	3.6615e-25
12.179	3.6458e-25
12.212	3.6302e-25
12.245	3.6148e-25
12.278	3.5995e-25
12.311	3.5845e-25
12.345	3.5696e-25
12.378	3.5549e-25
12.412	3.5404e-25
12.445	3.5261e-25
12.479	3.5119e-25
12.513	3.4979e-25
12.547	3.4841e-25
12.581	3.4704e-25
12.615	3.4569e-25
12.649	3.4435e-25
12.683	3.4303e-25
12.718	3.4173e-25
12.752	3.4044e-25
12.787	3.3917e-25
12.821	3.3791e-25
12.856	3.3667e-25
12.891	3.3544e-25
12.926	3.3423e-25
12.961	3.3303e-25
12.996	3.3185e-25
13.031	3.3068e-25
13.066	3.2952e-25
13.102	3.2838e-25
13.137	3.2725e-25
13.173	3.2613e-25
13.208	3.2503e-25
13.244	3.2394e-25
13.28	3.2286e-25
13.316	3.218e-25
13.352	3.2075e-25
13.388	3.1971e-25
13.424	3.1868e-25
13.461	3.1766e-25
13.497	3.1666e-25
13.534	3.1567e-25
13.57	3.1469e-25
13.607	3.1372e-25
13.644	3.1276e-25
13.681	3.1181e-25
13.718	3.1088e-25
13.755	3.0995e-25
13.793	3.0904e-25
13.83	3.0814e-25
13.867	3.0724e-25
13.905	3.0636e-25
13.943	3.0549e-25
13.98	3.0462e-25
14.018	3.0377e-25
14.056	3.0293e-25
14.094	3.0209e-25
14.132	3.0127e-25
14.171	3.0045e-25
14.209	2.9965e-25
14.248	2.9885e-25
14.286	2.9806e-25
14.325	2.9728e-25
14.364	2.9651e-25
14.403	2.9575e-25
14.442	2.95e-25
14.481	2.9425e-25
14.52	2.9351e-25
14.559	2.9278e-25
14.599	2.9206e-25
14.638	2.9135e-25
14.678	2.9064e-25
14.718	2.8995e-25
14.757	2.8926e-25
14.797	2.8858e-25
14.837	2.879e-25
14.878	2.8723e-25
14.918	2.8657e-25
14.958	2.8592e-25
14.999	2.8527e-25
15.039	2.8463e-25
15.08	2.84e-25
15.121	2.8338e-25
15.162	2.8276e-25
15.203	2.8214e-25
15.244	2.8154e-25
15.286	2.8094e-25
15.327	2.8035e-25
15.368	2.7976e-25
15.41	2.7918e-25
15.452	2.786e-25
15.494	2.7804e-25
15.536	2.7747e-25
15.578	2.7692e-25
15.62	2.7637e-25
15.662	2.7582e-25
15.705	2.7528e-25
15.747	2.7475e-25
15.79	2.7422e-25
15.833	2.737e-25
15.875	2.7318e-25
15.918	2.7267e-25
15.962	2.7216e-25
16.005	2.7166e-25
16.048	2.7116e-25
16.092	2.7067e-25
16.135	2.7018e-25
16.179	2.697e-25
16.223	2.6922e-25
16.267	2.6875e-25
16.311	2.6828e-25
16.355	2.6782e-25
16.399	2.6736e-25
16.444	2.6691e-25
16.488	2.6646e-25
16.533	2.6602e-25
16.578	2.6558e-25
16.623	2.6514e-25
16.668	2.6471e-25
16.713	2.6428e-25
16.758	2.6386e-25
16.803	2.6344e-25
16.849	2.6303e-25
16.894	2.6262e-25
16.94	2.6221e-25
16.986	2.6181e-25
17.032	2.6141e-25
17.078	2.6102e-25
17.125	2.6063e-25
17.171	2.6024e-25
17.217	2.5986e-25
17.264	2.5948e-25
17.311	2.591e-25
17.358	2.5873e-25
17.405	2.5836e-25
17.452	2.5799e-25
17.499	2.5763e-25
17.546	2.5727e-25
17.594	2.5692e-25
17.642	2.5657e-25
17.689	2.5622e-25
17.737	2.5588e-25
17.785	2.5553e-25
17.834	2.552e-25
17.882	2.5486e-25
17.93	2.5453e-25
17.979	2.542e-25
18.028	2.5387e-25
18.076	2.5355e-25
18.125	2.5323e-25
18.174	2.5291e-25
18.224	2.526e-25
18.273	2.5229e-25
18.323	2.5198e-25
18.372	2.5168e-25
18.422	2.5137e-25
18.472	2.5107e-25
18.522	2.5078e-25
18.572	2.5048e-25
18.622	2.5019e-25
18.673	2.499e-25
18.723	2.4962e-25
18.774	2.4933e-25
18.825	2.4905e-25
18.876	2.4877e-25
18.927	2.485e-25
18.978	2.4822e-25
19.03	2.4795e-25
19.081	2.4768e-25
19.133	2.4742e-25
19.185	2.4715e-25
19.237	2.4689e-25
19.289	2.4663e-25
19.341	2.4637e-25
19.393	2.4612e-25
19.446	2.4587e-25
19.499	2.4562e-25
19.551	2.4537e-25
19.604	2.4512e-25
19.657	2.4488e-25
19.711	2.4464e-25
19.764	2.444e-25
19.818	2.4416e-25
19.871	2.4393e-25
19.925	2.4369e-25
19.979	2.4346e-25
20.033	2.4323e-25
20.087	2.43e-25
20.142	2.4278e-25
20.196	2.4256e-25
20.251	2.4233e-25
20.306	2.4211e-25
20.361	2.419e-25
20.416	2.4168e-25
20.471	2.4147e-25
20.527	2.4125e-25
20.582	2.4104e-25
20.638	2.4084e-25
20.694	2.4063e-25
20.75	2.4042e-25
20.806	2.4022e-25
20.863	2.4002e-25
20.919	2.3982e-25
20.976	2.3962e-25
21.033	2.3942e-25
21.09	2.3923e-25
21.147	2.3903e-25
21.204	2.3884e-25
21.261	2.3865e-25
21.319	2.3846e-25
21.377	2.3828e-25
21.435	2.3809e-25
21.493	2.3791e-25
21.551	2.3772e-25
21.609	2.3754e-25
21.668	2.3736e-25
21.727	2.3718e-25
21.785	2.3701e-25
21.844	2.3683e-25
21.904	2.3666e-25
21.963	2.3649e-25
22.022	2.3632e-25
22.082	2.3615e-25
22.142	2.3598e-25
22.202	2.3581e-25
22.262	2.3564e-25
22.322	2.3548e-25
22.383	2.3532e-25
22.443	2.3516e-25
22.504	2.3499e-25
22.565	2.3484e-25
22.626	2.3468e-25
22.687	2.3452e-25
22.749	2.3437e-25
22.81	2.3421e-25
22.872	2.3406e-25
22.934	2.3391e-25
22.996	2.3376e-25
23.059	2.3361e-25
23.121	2.3346e-25
23.184	2.3331e-25
23.246	2.3316e-25
23.309	2.3302e-25
23.373	2.3288e-25
23.436	2.3273e-25
23.499	2.3259e-25
23.563	2.3245e-25
23.627	2.3231e-25
23.691	2.3217e-25
23.755	2.3204e-25
23.819	2.319e-25
23.884	2.3176e-25
23.949	2.3163e-25
24.013	2.315e-25
24.078	2.3136e-25
24.144	2.3123e-25
24.209	2.311e-25
24.275	2.3097e-25
24.34	2.3084e-25
24.406	2.3072e-25
24.472	2.3059e-25
24.539	2.3047e-25
24.605	2.3034e-25
24.672	2.3022e-25
24.739	2.3009e-25
24.806	2.2997e-25
24.873	2.2985e-25
24.94	2.2973e-25
25.008	2.2961e-25
25.075	2.2949e-25
25.143	2.2938e-25
25.211	2.2926e-25
25.28	2.2914e-25
25.348	2.2903e-25
25.417	2.2892e-25
25.486	2.288e-25
25.555	2.2869e-25
25.624	2.2858e-25
25.693	2.2847e-25
25.763	2.2836e-25
25.833	2.2825e-25
25.903	2.2814e-25
25.973	2.2803e-25
26.043	2.2793e-25
26.114	2.2782e-25
26.184	2.2771e-25
26.255	2.2761e-25
26.326	2.2751e-25
26.398	2.274e-25
26.469	2.273e-25
26.541	2.272e-25
26.613	2.271e-25
26.685	2.27e-25
26.757	2.269e-25
26.83	2.268e-25
26.902	2.267e-25
26.975	2.266e-25
27.048	2.2651e-25
27.122	2.2641e-25
27.195	2.2631e-25
27.269	2.2622e-25
27.343	2.2613e-25
27.417	2.2603e-25
27.491	2.2594e-25
27.565	2.2585e-25
27.64	2.2575e-25
27.715	2.2566e-25
27.79	2.2557e-25
27.865	2.2548e-25
27.941	2.2539e-25
28.016	2.2531e-25
28.092	2.2522e-25
28.168	2.2513e-25
28.245	2.2504e-25
28.321	2.2496e-25
28.398	2.2487e-25
28.475	2.2479e-25
28.552	2.247e-25
28.629	2.2462e-25
28.707	2.2453e-25
28.784	2.2445e-25
28.862	2.2437e-25
28.941	2.2429e-25
29.019	2.2421e-25
29.098	2.2413e-25
29.176	2.2405e-25
29.255	2.2397e-25
29.335	2.2389e-25
29.414	2.2381e-25
29.494	2.2373e-25
29.574	2.2365e-25
29.654	2.2358e-25
29.734	2.235e-25
29.815	2.2342e-25
29.895	2.2335e-25
29.976	2.2327e-25
30.057	2.232e-25
30.139	2.2313e-25
30.221	2.2305e-25
30.302	2.2298e-25
30.384	2.2291e-25
30.467	2.2283e-25
30.549	2.2276e-25
30.632	2.2269e-25
30.715	2.2262e-25
30.798	2.2255e-25
30.882	2.2248e-25
30.965	2.2241e-25
31.049	2.2234e-25
31.133	2.2227e-25
31.217	2.222e-25
31.302	2.2214e-25
31.387	2.2207e-25
31.472	2.22e-25
31.557	2.2194e-25
31.643	2.2187e-25
31.728	2.218e-25
31.814	2.2174e-25
31.9	2.2167e-25
31.987	2.2161e-25
32.073	2.2155e-25
32.16	2.2148e-25
32.247	2.2142e-25
32.335	2.2136e-25
32.422	2.2129e-25
32.51	2.2123e-25
32.598	2.2117e-25
32.686	2.2111e-25
32.775	2.2105e-25
32.864	2.2099e-25
32.953	2.2093e-25
33.042	2.2087e-25
33.131	2.2081e-25
33.221	2.2075e-25
33.311	2.2069e-25
33.401	2.2063e-25
33.492	2.2058e-25
33.583	2.2052e-25
33.674	2.2046e-25
33.765	2.204e-25
33.856	2.2035e-25
33.948	2.2029e-25
34.04	2.2023e-25
34.132	2.2018e-25
34.225	2.2012e-25
34.317	2.2007e-25
34.41	2.2001e-25
34.503	2.1996e-25
34.597	2.1991e-25
34.691	2.1985e-25
34.784	2.198e-25
34.879	2.1975e-25
34.973	2.1969e-25
35.068	2.1964e-25
35.163	2.1959e-25
35.258	2.1954e-25
35.354	2.1949e-25
35.449	2.1944e-25
35.545	2.1938e-25
35.642	2.1933e-25
35.738	2.1928e-25
35.835	2.1923e-25
35.932	2.1918e-25
36.029	2.1913e-25
36.127	2.1909e-25
36.225	2.1904e-25
36.323	2.1899e-25
36.421	2.1894e-25
36.52	2.1889e-25
36.619	2.1885e-25
36.718	2.188e-25
36.817	2.1875e-25
36.917	2.187e-25
37.017	2.1866e-25
37.117	2.1861e-25
37.218	2.1856e-25
37.319	2.1852e-25
37.42	2.1847e-25
37.521	2.1843e-25
37.623	2.1838e-25
37.725	2.1834e-25
37.827	2.1829e-25
37.929	2.1825e-25
38.032	2.1821e-25
38.135	2.1816e-25
38.238	2.1812e-25
38.342	2.1808e-25
38.446	2.1803e-25
38.55	2.1799e-25
38.654	2.1795e-25
38.759	2.1791e-25
38.864	2.1786e-25
38.969	2.1782e-25
39.075	2.1778e-25
39.181	2.1774e-25
39.287	2.177e-25
39.393	2.1766e-25
39.5	2.1762e-25
39.607	2.1758e-25
39.714	2.1754e-25
39.822	2.175e-25
39.93	2.1746e-25
40.038	2.1742e-25
40.146	2.1738e-25
40.255	2.1734e-25
40.364	2.173e-25
40.473	2.1726e-25
40.583	2.1722e-25
40.693	2.1719e-25
40.803	2.1715e-25
40.913	2.1711e-25
41.024	2.1707e-25
41.135	2.1703e-25
41.247	2.17e-25
41.359	2.1696e-25
41.471	2.1692e-25
41.583	2.1689e-25
41.696	2.1685e-25
41.808	2.1681e-25
41.922	2.1678e-25
42.035	2.1674e-25
42.149	2.1671e-25
42.263	2.1667e-25
42.378	2.1664e-25
42.492	2.166e-25
42.608	2.1657e-25
42.723	2.1653e-25
42.839	2.165e-25
42.955	2.1646e-25
43.071	2.1643e-25
43.188	2.164e-25
43.305	2.1636e-25
43.422	2.1633e-25
43.54	2.163e-25
43.658	2.1626e-25
43.776	2.1623e-25
43.894	2.162e-25
44.013	2.1616e-25
44.132	2.1613e-25
44.252	2.161e-25
44.372	2.1607e-25
44.492	2.1604e-25
44.612	2.16e-25
44.733	2.1597e-25
44.854	2.1594e-25
44.976	2.1591e-25
45.098	2.1588e-25
45.22	2.1585e-25
45.342	2.1582e-25
45.465	2.1579e-25
45.588	2.1576e-25
45.712	2.1573e-25
45.836	2.157e-25
45.96	2.1567e-25
46.084	2.1564e-25
46.209	2.1561e-25
46.334	2.1558e-25
46.46	2.1555e-25
46.586	2.1552e-25
46.712	2.1549e-25
46.838	2.1546e-25
46.965	2.1543e-25
47.092	2.1541e-25
47.22	2.1538e-25
47.348	2.1535e-25
47.476	2.1532e-25
47.605	2.1529e-25
47.734	2.1527e-25
47.863	2.1524e-25
47.992	2.1521e-25
48.122	2.1518e-25
48.253	2.1516e-25
48.383	2.1513e-25
48.515	2.151e-25
48.646	2.1507e-25
48.778	2.1505e-25
48.91	2.1502e-25
49.042	2.15e-25
49.175	2.1497e-25
49.308	2.1494e-25
49.442	2.1492e-25
49.576	2.1489e-25
49.71	2.1487e-25
49.845	2.1484e-25
49.98	2.1482e-25
50.115	2.1479e-25
50.251	2.1476e-25
50.387	2.1474e-25
50.523	2.1471e-25
50.66	2.1469e-25
50.797	2.1467e-25
50.935	2.1464e-25
51.073	2.1462e-25
51.211	2.1459e-25
51.35	2.1457e-25
51.489	2.1454e-25
51.628	2.1452e-25
51.768	2.145e-25
51.909	2.1447e-25
52.049	2.1445e-25
52.19	2.1443e-25
52.331	2.144e-25
52.473	2.1438e-25
52.615	2.1436e-25
52.758	2.1433e-25
52.901	2.1431e-25
53.044	2.1429e-25
53.188	2.1427e-25
53.332	2.1424e-25
53.476	2.1422e-25
53.621	2.142e-25
53.766	2.1418e-25
53.912	2.1416e-25
54.058	2.1413e-25
54.204	2.1411e-25
54.351	2.1409e-25
54.498	2.1407e-25
54.646	2.1405e-25
54.794	2.1403e-25
54.942	2.1401e-25
55.091	2.1398e-25
55.24	2.1396e-25
55.39	2.1394e-25
55.54	2.1392e-25
55.69	2.139e-25
55.841	2.1388e-25
55.992	2.1386e-25
56.144	2.1384e-25
56.296	2.1382e-25
56.449	2.138e-25
56.602	2.1378e-25
56.755	2.1376e-25
56.909	2.1374e-25
57.063	2.1372e-25
57.217	2.137e-25
57.372	2.1368e-25
57.528	2.1366e-25
57.683	2.1364e-25
57.84	2.1362e-25
57.996	2.136e-25
58.153	2.1359e-25
58.311	2.1357e-25
58.469	2.1355e-25
58.627	2.1353e-25
58.786	2.1351e-25
58.945	2.1349e-25
59.105	2.1347e-25
59.265	2.1346e-25
59.426	2.1344e-25
59.586	2.1342e-25
59.748	2.134e-25
59.91	2.1338e-25
60.072	2.1337e-25
60.235	2.1335e-25
60.398	2.1333e-25
60.561	2.1331e-25
60.725	2.1329e-25
60.89	2.1328e-25
61.055	2.1326e-25
61.22	2.1324e-25
61.386	2.1323e-25
61.552	2.1321e-25
61.719	2.1319e-25
61.886	2.1318e-25
62.054	2.1316e-25
62.222	2.1314e-25
62.39	2.1313e-25
62.559	2.1311e-25
62.729	2.1309e-25
62.899	2.1308e-25
63.069	2.1306e-25
63.24	2.1304e-25
63.411	2.1303e-25
63.583	2.1301e-25
63.755	2.13e-25
63.928	2.1298e-25
64.101	2.1296e-25
64.275	2.1295e-25
64.449	2.1293e-25
64.623	2.1292e-25
64.798	2.129e-25
64.974	2.1289e-25
65.15	2.1287e-25
65.326	2.1286e-25
65.503	2.1284e-25
65.68	2.1283e-25
65.858	2.1281e-25
66.037	2.128e-25
66.216	2.1278e-25
66.395	2.1277e-25
66.575	2.1275e-25
66.755	2.1274e-25
66.936	2.1272e-25
67.117	2.1271e-25
67.299	2.1269e-25
67.481	2.1268e-25
67.664	2.1267e-25
67.847	2.1265e-25
68.031	2.1264e-25
68.215	2.1262e-25
68.4	2.1261e-25
68.585	2.126e-25
68.771	2.1258e-25
68.957	2.1257e-25
69.144	2.1256e-25
69.331	2.1254e-25
69.519	2.1253e-25
69.707	2.1252e-25
69.896	2.125e-25
70.086	2.1249e-25
70.275	2.1248e-25
70.466	2.1246e-25
70.657	2.1245e-25
70.848	2.1244e-25
71.04	2.1242e-25
71.232	2.1241e-25
71.425	2.124e-25
71.619	2.1239e-25
71.813	2.1237e-25
72.007	2.1236e-25
72.202	2.1235e-25
72.398	2.1234e-25
72.594	2.1232e-25
72.79	2.1231e-25
72.988	2.123e-25
73.185	2.1229e-25
73.383	2.1228e-25
73.582	2.1226e-25
73.782	2.1225e-25
73.981	2.1224e-25
74.182	2.1223e-25
74.383	2.1222e-25
74.584	2.122e-25
74.786	2.1219e-25
74.989	2.1218e-25
75.192	2.1217e-25
75.395	2.1216e-25
75.6	2.1215e-25
75.804	2.1214e-25
76.01	2.1213e-25
76.216	2.1211e-25
76.422	2.121e-25
76.629	2.1209e-25
76.837	2.1208e-25
77.045	2.1207e-25
77.253	2.1206e-25
77.463	2.1205e-25
77.672	2.1204e-25
77.883	2.1203e-25
78.094	2.1202e-25
78.305	2.1201e-25
78.517	2.12e-25
78.73	2.1199e-25
78.943	2.1198e-25
79.157	2.1197e-25
79.371	2.1196e-25
79.586	2.1195e-25
79.802	2.1194e-25
80.018	2.1193e-25
80.235	2.1192e-25
80.452	2.1191e-25
80.67	2.119e-25
80.889	2.1189e-25
81.108	2.1188e-25
81.327	2.1187e-25
81.548	2.1186e-25
81.768	2.1185e-25
81.99	2.1184e-25
82.212	2.1183e-25
82.435	2.1182e-25
82.658	2.1181e-25
82.882	2.118e-25
83.106	2.1179e-25
83.331	2.1178e-25
83.557	2.1177e-25
83.783	2.1176e-25
84.01	2.1176e-25
84.238	2.1175e-25
84.466	2.1174e-25
84.695	2.1173e-25
84.924	2.1172e-25
85.154	2.1171e-25
85.385	2.117e-25
85.616	2.1169e-25
85.848	2.1169e-25
86.08	2.1168e-25
86.314	2.1167e-25
86.547	2.1166e-25
86.782	2.1165e-25
87.017	2.1164e-25
87.253	2.1164e-25
87.489	2.1163e-25
87.726	2.1162e-25
87.963	2.1161e-25
88.202	2.116e-25
88.441	2.116e-25
88.68	2.1159e-25
88.92	2.1158e-25
89.161	2.1157e-25
89.403	2.1157e-25
89.645	2.1156e-25
89.888	2.1155e-25
90.131	2.1154e-25
90.375	2.1154e-25
90.62	2.1153e-25
90.865	2.1152e-25
91.111	2.1151e-25
91.358	2.1151e-25
91.606	2.115e-25
91.854	2.1149e-25
92.103	2.1149e-25
92.352	2.1148e-25
92.602	2.1147e-25
92.853	2.1146e-25
93.104	2.1146e-25
93.357	2.1145e-25
93.609	2.1144e-25
93.863	2.1144e-25
94.117	2.1143e-25
94.372	2.1142e-25
94.628	2.1142e-25
94.884	2.1141e-25
95.141	2.114e-25
95.399	2.114e-25
95.657	2.1139e-25
95.916	2.1139e-25
96.176	2.1138e-25
96.436	2.1137e-25
96.698	2.1137e-25
96.96	2.1136e-25
97.222	2.1136e-25
97.486	2.1135e-25
97.75	2.1134e-25
98.014	2.1134e-25
98.28	2.1133e-25
98.546	2.1133e-25
98.813	2.1132e-25
99.081	2.1131e-25
99.349	2.1131e-25
99.618	2.113e-25
99.888	2.113e-25
100.16	2.1129e-25
100.43	2.1129e-25
100.7	2.1128e-25
100.97	2.1128e-25
101.25	2.1127e-25
101.52	2.1127e-25
101.8	2.1126e-25
102.07	2.1126e-25
102.35	2.1125e-25
102.63	2.1125e-25
102.9	2.1124e-25
103.18	2.1124e-25
103.46	2.1123e-25
103.74	2.1123e-25
104.02	2.1122e-25
104.31	2.1122e-25
104.59	2.1121e-25
104.87	2.1121e-25
105.16	2.112e-25
105.44	2.112e-25
105.73	2.1119e-25
106.01	2.1119e-25
106.3	2.1119e-25
106.59	2.1118e-25
106.88	2.1118e-25
107.17	2.1117e-25
107.46	2.1117e-25
107.75	2.1116e-25
108.04	2.1116e-25
108.33	2.1116e-25
108.62	2.1115e-25
108.92	2.1115e-25
109.21	2.1115e-25
109.51	2.1114e-25
109.81	2.1114e-25
110.1	2.1113e-25
110.4	2.1113e-25
110.7	2.1113e-25
111	2.1112e-25
111.3	2.1112e-25
111.6	2.1112e-25
111.9	2.1111e-25
112.21	2.1111e-25
112.51	2.1111e-25
112.82	2.111e-25
113.12	2.111e-25
113.43	2.111e-25
113.74	2.1109e-25
114.04	2.1109e-25
114.35	2.1109e-25
114.66	2.1108e-25
114.97	2.1108e-25
115.28	2.1108e-25
115.6	2.1108e-25
115.91	2.1107e-25
116.22	2.1107e-25
116.54	2.1107e-25
116.85	2.1107e-25
117.17	2.1106e-25
117.49	2.1106e-25
117.81	2.1106e-25
118.13	2.1106e-25
118.45	2.1105e-25
118.77	2.1105e-25
119.09	2.1105e-25
119.41	2.1105e-25
119.73	2.1104e-25
120.06	2.1104e-25
120.38	2.1104e-25
120.71	2.1104e-25
121.04	2.1104e-25
121.36	2.1103e-25
121.69	2.1103e-25
122.02	2.1103e-25
122.35	2.1103e-25
122.68	2.1103e-25
123.02	2.1103e-25
123.35	2.1102e-25
123.68	2.1102e-25
124.02	2.1102e-25
124.35	2.1102e-25
124.69	2.1102e-25
125.03	2.1102e-25
125.37	2.1102e-25
125.71	2.1101e-25
126.05	2.1101e-25
126.39	2.1101e-25
126.73	2.1101e-25
127.07	2.1101e-25
127.42	2.1101e-25
127.76	2.1101e-25
128.11	2.1101e-25
128.46	2.1101e-25
128.8	2.1101e-25
129.15	2.1101e-25
129.5	2.11e-25
129.85	2.11e-25
130.21	2.11e-25
130.56	2.11e-25
130.91	2.11e-25
131.27	2.11e-25
131.62	2.11e-25
131.98	2.11e-25
132.34	2.11e-25
132.69	2.11e-25
133.05	2.11e-25
133.41	2.11e-25
133.78	2.11e-25
134.14	2.11e-25
134.5	2.11e-25
134.87	2.11e-25
135.23	2.11e-25
135.6	2.11e-25
135.96	2.11e-25
136.33	2.11e-25
136.7	2.11e-25
137.07	2.11e-25
137.44	2.11e-25
137.82	2.11e-25
138.19	2.1101e-25
138.56	2.1101e-25
138.94	2.1101e-25
139.32	2.1101e-25
139.69	2.1101e-25
140.07	2.1101e-25
140.45	2.1101e-25
140.83	2.1101e-25
141.21	2.1101e-25
141.59	2.1101e-25
141.98	2.1102e-25
142.36	2.1102e-25
142.75	2.1102e-25
143.13	2.1102e-25
143.52	2.1102e-25
143.91	2.1102e-25
144.3	2.1102e-25
144.69	2.1103e-25
145.08	2.1103e-25
145.48	2.1103e-25
145.87	2.1103e-25
146.27	2.1103e-25
146.66	2.1103e-25
147.06	2.1104e-25
147.46	2.1104e-25
147.86	2.1104e-25
148.26	2.1104e-25
148.66	2.1104e-25
149.06	2.1105e-25
149.47	2.1105e-25
149.87	2.1105e-25
150.28	2.1105e-25
150.68	2.1106e-25
151.09	2.1106e-25
151.5	2.1106e-25
151.91	2.1106e-25
152.32	2.1107e-25
152.73	2.1107e-25
153.15	2.1107e-25
153.56	2.1108e-25
153.98	2.1108e-25
154.4	2.1108e-25
154.81	2.1108e-25
155.23	2.1109e-25
155.65	2.1109e-25
156.08	2.1109e-25
156.5	2.111e-25
156.92	2.111e-25
157.35	2.111e-25
157.77	2.1111e-25
158.2	2.1111e-25
158.63	2.1112e-25
159.06	2.1112e-25
159.49	2.1112e-25
159.92	2.1113e-25
160.35	2.1113e-25
160.79	2.1114e-25
161.22	2.1114e-25
161.66	2.1114e-25
162.1	2.1115e-25
162.54	2.1115e-25
162.98	2.1116e-25
163.42	2.1116e-25
163.86	2.1116e-25
164.31	2.1117e-25
164.75	2.1117e-25
165.2	2.1118e-25
165.65	2.1118e-25
166.09	2.1119e-25
166.54	2.1119e-25
166.99	2.112e-25
167.45	2.112e-25
167.9	2.1121e-25
168.36	2.1121e-25
168.81	2.1122e-25
169.27	2.1122e-25
169.73	2.1123e-25
170.19	2.1123e-25
170.65	2.1124e-25
171.11	2.1125e-25
171.57	2.1125e-25
172.04	2.1126e-25
172.5	2.1126e-25
172.97	2.1127e-25
173.44	2.1127e-25
173.91	2.1128e-25
174.38	2.1129e-25
174.85	2.1129e-25
175.33	2.113e-25
175.8	2.1131e-25
176.28	2.1131e-25
176.75	2.1132e-25
177.23	2.1132e-25
177.71	2.1133e-25
178.19	2.1134e-25
178.68	2.1134e-25
179.16	2.1135e-25
179.65	2.1136e-25
180.13	2.1137e-25
180.62	2.1137e-25
181.11	2.1138e-25
181.6	2.1139e-25
182.09	2.1139e-25
182.59	2.114e-25
183.08	2.1141e-25
183.58	2.1142e-25
184.07	2.1142e-25
184.57	2.1143e-25
185.07	2.1144e-25
185.57	2.1145e-25
186.08	2.1145e-25
186.58	2.1146e-25
187.09	2.1147e-25
187.59	2.1148e-25
188.1	2.1149e-25
188.61	2.115e-25
189.12	2.115e-25
189.63	2.1151e-25
190.15	2.1152e-25
190.66	2.1153e-25
191.18	2.1154e-25
191.7	2.1155e-25
192.21	2.1156e-25
192.74	2.1156e-25
193.26	2.1157e-25
193.78	2.1158e-25
194.31	2.1159e-25
194.83	2.116e-25
195.36	2.1161e-25
195.89	2.1162e-25
196.42	2.1163e-25
196.95	2.1164e-25
197.48	2.1165e-25
198.02	2.1166e-25
198.56	2.1167e-25
199.09	2.1168e-25
199.63	2.1169e-25
200.17	2.117e-25
200.72	2.1171e-25
201.26	2.1172e-25
201.8	2.1173e-25
202.35	2.1174e-25
202.9	2.1175e-25
203.45	2.1176e-25
204	2.1177e-25
204.55	2.1179e-25
205.11	2.118e-25
205.66	2.1181e-25
206.22	2.1182e-25
206.78	2.1183e-25
207.34	2.1184e-25
207.9	2.1185e-25
208.46	2.1186e-25
209.03	2.1188e-25
209.59	2.1189e-25
210.16	2.119e-25
210.73	2.1191e-25
211.3	2.1192e-25
211.87	2.1194e-25
212.45	2.1195e-25
213.02	2.1196e-25
213.6	2.1197e-25
214.18	2.1199e-25
214.76	2.12e-25
215.34	2.1201e-25
215.92	2.1203e-25
216.51	2.1204e-25
217.09	2.1205e-25
217.68	2.1207e-25
218.27	2.1208e-25
218.86	2.1209e-25
219.46	2.1211e-25
220.05	2.1212e-25
220.65	2.1214e-25
221.24	2.1215e-25
221.84	2.1216e-25
222.44	2.1218e-25
223.05	2.1219e-25
223.65	2.1221e-25
224.26	2.1222e-25
224.86	2.1224e-25
225.47	2.1225e-25
226.08	2.1227e-25
226.69	2.1228e-25
227.31	2.123e-25
227.92	2.1232e-25
228.54	2.1233e-25
229.16	2.1235e-25
229.78	2.1237e-25
230.4	2.1239e-25
231.03	2.1241e-25
231.65	2.1243e-25
232.28	2.1245e-25
232.91	2.1248e-25
233.54	2.1251e-25
234.17	2.1254e-25
234.81	2.1259e-25
235.44	2.1266e-25
236.08	2.1278e-25
236.72	2.1302e-25
237.36	2.138e-25
238	2.2008e-25
238.65	2.4336e-25
239.3	2.1454e-25
239.94	2.1324e-25
240.59	2.1293e-25
241.25	2.1282e-25
241.9	2.1278e-25
242.55	2.1276e-25
243.21	2.1276e-25
243.87	2.1276e-25
244.53	2.1277e-25
245.19	2.1278e-25
245.86	2.128e-25
246.52	2.1281e-25
247.19	2.1283e-25
247.86	2.1284e-25
248.53	2.1286e-25
249.2	2.1288e-25
249.88	2.129e-25
250.56	2.1292e-25
251.23	2.1293e-25
251.92	2.1295e-25
252.6	2.1297e-25
253.28	2.1299e-25
253.97	2.1301e-25
254.66	2.1303e-25
255.35	2.1305e-25
256.04	2.1307e-25
256.73	2.1309e-25
257.43	2.1311e-25
258.12	2.1313e-25
258.82	2.1315e-25
259.52	2.1318e-25
260.23	2.132e-25
260.93	2.1322e-25
261.64	2.1324e-25
262.35	2.1326e-25
263.06	2.1328e-25
263.77	2.1331e-25
264.48	2.1333e-25
265.2	2.1335e-25
265.92	2.1337e-25
266.64	2.134e-25
267.36	2.1342e-25
268.08	2.1344e-25
268.81	2.1346e-25
269.54	2.1349e-25
270.27	2.1351e-25
271	2.1353e-25
271.74	2.1356e-25
272.47	2.1358e-25
273.21	2.1361e-25
273.95	2.1363e-25
274.69	2.1366e-25
275.43	2.1368e-25
276.18	2.1371e-25
276.93	2.1373e-25
277.68	2.1376e-25
278.43	2.1378e-25
279.19	2.1381e-25
279.94	2.1383e-25
280.7	2.1386e-25
281.46	2.1388e-25
282.22	2.1391e-25
282.99	2.1394e-25
283.75	2.1396e-25
284.52	2.1399e-25
285.29	2.1402e-25
286.06	2.1404e-25
286.84	2.1407e-25
287.62	2.141e-25
288.4	2.1413e-25
289.18	2.1415e-25
289.96	2.1418e-25
290.75	2.1421e-25
291.53	2.1424e-25
292.32	2.1427e-25
293.11	2.143e-25
293.91	2.1432e-25
294.7	2.1435e-25
295.5	2.1438e-25
296.3	2.1441e-25
297.11	2.1444e-25
297.91	2.1447e-25
298.72	2.145e-25
299.53	2.1453e-25
300.34	2.1456e-25
301.15	2.1459e-25
301.97	2.1462e-25
302.78	2.1466e-25
303.6	2.1469e-25
304.43	2.1472e-25
305.25	2.1475e-25
306.08	2.1478e-25
306.91	2.1481e-25
307.74	2.1485e-25
308.57	2.1488e-25
309.41	2.1491e-25
310.25	2.1494e-25
311.09	2.1498e-25
311.93	2.1501e-25
312.77	2.1504e-25
313.62	2.1508e-25
314.47	2.1511e-25
315.32	2.1515e-25
316.18	2.1518e-25
317.03	2.1521e-25
317.89	2.1525e-25
318.75	2.1528e-25
319.61	2.1532e-25
320.48	2.1536e-25
321.35	2.1539e-25
322.22	2.1543e-25
323.09	2.1546e-25
323.97	2.155e-25
324.84	2.1554e-25
325.72	2.1557e-25
326.61	2.1561e-25
327.49	2.1565e-25
328.38	2.1569e-25
329.27	2.1572e-25
330.16	2.1576e-25
331.05	2.158e-25
331.95	2.1584e-25
332.85	2.1588e-25
333.75	2.1592e-25
334.65	2.1595e-25
335.56	2.1599e-25
336.47	2.1603e-25
337.38	2.1607e-25
338.29	2.1611e-25
339.21	2.1615e-25
340.13	2.162e-25
341.05	2.1624e-25
341.97	2.1628e-25
342.9	2.1632e-25
343.83	2.1636e-25
344.76	2.164e-25
345.69	2.1645e-25
346.63	2.1649e-25
347.57	2.1653e-25
348.51	2.1657e-25
349.45	2.1662e-25
350.4	2.1666e-25
351.35	2.167e-25
352.3	2.1675e-25
353.26	2.1679e-25
354.21	2.1684e-25
355.17	2.1688e-25
356.13	2.1693e-25
357.1	2.1697e-25
358.07	2.1702e-25
359.04	2.1707e-25
360.01	2.1711e-25
360.98	2.1716e-25
361.96	2.1721e-25
362.94	2.1725e-25
363.92	2.173e-25
364.91	2.1735e-25
365.9	2.174e-25
366.89	2.1744e-25
367.88	2.1749e-25
368.88	2.1754e-25
369.88	2.1759e-25
370.88	2.1764e-25
371.89	2.1769e-25
372.89	2.1774e-25
373.9	2.1779e-25
374.92	2.1784e-25
375.93	2.1789e-25
376.95	2.1795e-25
377.97	2.18e-25
378.99	2.1805e-25
380.02	2.181e-25
381.05	2.1816e-25
382.08	2.1821e-25
383.12	2.1826e-25
384.15	2.1832e-25
385.19	2.1837e-25
386.24	2.1842e-25
387.28	2.1848e-25
388.33	2.1853e-25
389.38	2.1859e-25
390.44	2.1864e-25
391.5	2.187e-25
392.56	2.1876e-25
393.62	2.1881e-25
394.69	2.1887e-25
395.76	2.1893e-25
396.83	2.1899e-25
397.9	2.1904e-25
398.98	2.191e-25
400.06	2.1916e-25
401.14	2.1922e-25
402.23	2.1928e-25
403.32	2.1934e-25
404.41	2.194e-25
405.51	2.1946e-25
406.61	2.1952e-25
407.71	2.1958e-25
408.81	2.1965e-25
409.92	2.1971e-25
411.03	2.1977e-25
412.14	2.1983e-25
413.26	2.199e-25
414.38	2.1996e-25
415.5	2.2003e-25
416.63	2.2009e-25
417.75	2.2016e-25
418.89	2.2022e-25
420.02	2.2029e-25
421.16	2.2035e-25
422.3	2.2042e-25
423.44	2.2049e-25
424.59	2.2055e-25
425.74	2.2062e-25
426.89	2.2069e-25
428.05	2.2076e-25
429.21	2.2083e-25
430.37	2.209e-25
431.54	2.2097e-25
432.7	2.2104e-25
433.88	2.2111e-25
435.05	2.2118e-25
436.23	2.2125e-25
437.41	2.2132e-25
438.6	2.2139e-25
439.78	2.2147e-25
440.98	2.2154e-25
442.17	2.2161e-25
443.37	2.2169e-25
444.57	2.2176e-25
445.77	2.2184e-25
446.98	2.2191e-25
448.19	2.2199e-25
449.4	2.2206e-25
450.62	2.2214e-25
451.84	2.2222e-25
453.07	2.223e-25
454.29	2.2238e-25
455.52	2.2245e-25
456.76	2.2253e-25
457.99	2.2261e-25
459.23	2.2269e-25
460.48	2.2277e-25
461.73	2.2286e-25
462.98	2.2294e-25
464.23	2.2302e-25
465.49	2.231e-25
466.75	2.2319e-25
468.01	2.2327e-25
469.28	2.2336e-25
470.55	2.2344e-25
471.83	2.2353e-25
473.1	2.2362e-25
474.38	2.2372e-25
475.67	2.2391e-25
476.96	2.5224e-25
478.25	2.2406e-25
479.54	2.2407e-25
480.84	2.2414e-25
482.15	2.2423e-25
483.45	2.2432e-25
484.76	2.2441e-25
486.07	2.245e-25
487.39	2.2459e-25
488.71	2.2468e-25
490.03	2.2477e-25
491.36	2.2486e-25
492.69	2.2496e-25
494.03	2.2505e-25
495.37	2.2515e-25
496.71	2.2524e-25
498.05	2.2534e-25
499.4	2.2544e-25
500.75	2.2553e-25
502.11	2.2563e-25
503.47	2.2573e-25
504.83	2.2583e-25
506.2	2.2593e-25
507.57	2.2603e-25
508.95	2.2613e-25
510.33	2.2623e-25
511.71	2.2633e-25
513.09	2.2643e-25
514.48	2.2654e-25
515.88	2.2664e-25
517.27	2.2675e-25
518.67	2.2685e-25
520.08	2.2696e-25
521.49	2.2706e-25
522.9	2.2717e-25
524.32	2.2728e-25
525.74	2.2739e-25
527.16	2.275e-25
528.59	2.2761e-25
530.02	2.2772e-25
531.46	2.2783e-25
532.9	2.2794e-25
534.34	2.2805e-25
535.79	2.2816e-25
537.24	2.2828e-25
538.69	2.2839e-25
540.15	2.2851e-25
541.61	2.2862e-25
543.08	2.2874e-25
544.55	2.2886e-25
546.03	2.2898e-25
547.51	2.2909e-25
548.99	2.2921e-25
550.48	2.2933e-25
551.97	2.2945e-25
553.46	2.2958e-25
554.96	2.297e-25
556.46	2.2982e-25
557.97	2.2994e-25
559.48	2.3007e-25
561	2.3019e-25
562.52	2.3032e-25
564.04	2.3045e-25
565.57	2.3057e-25
567.1	2.307e-25
568.64	2.3083e-25
570.18	2.3096e-25
571.72	2.3109e-25
573.27	2.3122e-25
574.82	2.3136e-25
576.38	2.3149e-25
577.94	2.3162e-25
579.51	2.3176e-25
581.07	2.3189e-25
582.65	2.3203e-25
584.23	2.3217e-25
585.81	2.3231e-25
587.4	2.3244e-25
588.99	2.3258e-25
590.58	2.3272e-25
592.18	2.3287e-25
593.79	2.3301e-25
595.39	2.3315e-25
597.01	2.333e-25
598.62	2.3344e-25
600.24	2.3359e-25
601.87	2.3373e-25
603.5	2.3388e-25
605.13	2.3403e-25
606.77	2.3418e-25
608.42	2.3433e-25
610.07	2.3448e-25
611.72	2.3463e-25
613.37	2.3478e-25
615.04	2.3494e-25
616.7	2.3509e-25
618.37	2.3525e-25
620.05	2.354e-25
621.73	2.3556e-25
623.41	2.3572e-25
625.1	2.3588e-25
626.79	2.3604e-25
628.49	2.362e-25
630.19	2.3637e-25
631.9	2.3653e-25
633.61	2.3669e-25
635.33	2.3686e-25
637.05	2.3702e-25
638.77	2.3719e-25
640.5	2.3736e-25
642.24	2.3753e-25
643.98	2.377e-25
645.72	2.3787e-25
647.47	2.3805e-25
649.22	2.3822e-25
650.98	2.3839e-25
652.74	2.3857e-25
654.51	2.3875e-25
656.29	2.3892e-25
658.06	2.391e-25
659.85	2.3928e-25
661.63	2.3947e-25
663.42	2.3965e-25
665.22	2.3983e-25
667.02	2.4002e-25
668.83	2.402e-25
670.64	2.4039e-25
672.46	2.4058e-25
674.28	2.4077e-25
676.11	2.4096e-25
677.94	2.4115e-25
679.77	2.4134e-25
681.61	2.4153e-25
683.46	2.4173e-25
685.31	2.4192e-25
687.17	2.4212e-25
689.03	2.4232e-25
690.89	2.4252e-25
692.77	2.4272e-25
694.64	2.4292e-25
696.52	2.4313e-25
698.41	2.4333e-25
700.3	2.4354e-25
702.2	2.4375e-25
704.1	2.4395e-25
706.01	2.4416e-25
707.92	2.4438e-25
709.84	2.4459e-25
711.76	2.4481e-25
713.69	2.4504e-25
715.62	2.4586e-25
717.56	2.4546e-25
719.5	2.4567e-25
721.45	2.4589e-25
723.4	2.4611e-25
725.36	2.4633e-25
727.33	2.4656e-25
729.3	2.4678e-25
731.27	2.4701e-25
733.25	2.4724e-25
735.24	2.4747e-25
737.23	2.477e-25
739.23	2.4793e-25
741.23	2.4817e-25
743.24	2.484e-25
745.25	2.4864e-25
747.27	2.4888e-25
749.29	2.4912e-25
751.32	2.4936e-25
753.36	2.496e-25
755.4	2.4985e-25
757.44	2.5009e-25
759.5	2.5034e-25
761.55	2.5059e-25
763.62	2.5084e-25
765.68	2.5109e-25
767.76	2.5135e-25
769.84	2.516e-25
771.92	2.5186e-25
774.01	2.5212e-25
776.11	2.5238e-25
778.21	2.5264e-25
780.32	2.529e-25
782.43	2.5317e-25
784.55	2.5343e-25
786.68	2.537e-25
788.81	2.5397e-25
790.94	2.5424e-25
793.09	2.5451e-25
795.23	2.5479e-25
797.39	2.5507e-25
799.55	2.5534e-25
801.71	2.5562e-25
803.89	2.5591e-25
806.06	2.5619e-25
808.25	2.5647e-25
810.43	2.5676e-25
812.63	2.5705e-25
814.83	2.5734e-25
817.04	2.5763e-25
819.25	2.5793e-25
821.47	2.5822e-25
823.69	2.5852e-25
825.93	2.5882e-25
828.16	2.5912e-25
830.41	2.5942e-25
832.65	2.5973e-25
834.91	2.6004e-25
837.17	2.6034e-25
839.44	2.6066e-25
841.71	2.6097e-25
843.99	2.6128e-25
846.28	2.616e-25
848.57	2.6192e-25
850.87	2.6224e-25
853.17	2.6256e-25
855.48	2.6289e-25
857.8	2.6321e-25
860.12	2.6354e-25
862.45	2.6387e-25
864.79	2.642e-25
867.13	2.6454e-25
869.48	2.6488e-25
871.84	2.6521e-25
874.2	2.6556e-25
876.56	2.659e-25
878.94	2.6624e-25
881.32	2.6659e-25
883.71	2.6694e-25
886.1	2.6729e-25
888.5	2.6765e-25
890.91	2.68e-25
893.32	2.6836e-25
895.74	2.6872e-25
898.17	2.6908e-25
900.6	2.6945e-25
903.04	2.6982e-25
905.48	2.7019e-25
907.94	2.7056e-25
910.39	2.7093e-25
912.86	2.7131e-25
915.33	2.7169e-25
917.81	2.7207e-25
920.3	2.7245e-25
922.79	2.7284e-25
925.29	2.7323e-25
927.8	2.7362e-25
930.31	2.7401e-25
932.83	2.7441e-25
935.35	2.7481e-25
937.89	2.7521e-25
940.43	2.7561e-25
942.98	2.7602e-25
945.53	2.7643e-25
948.09	2.7684e-25
950.66	2.7725e-25
953.23	2.7776e-25
955.82	2.7809e-25
958.4	2.7851e-25
961	2.7893e-25
963.6	2.7936e-25
966.21	2.7979e-25
968.83	2.8022e-25
971.45	2.8065e-25
974.08	2.8109e-25
976.72	2.8153e-25
979.37	2.8197e-25
982.02	2.8242e-25
984.68	2.8287e-25
987.35	2.8332e-25
990.02	2.8377e-25
992.7	2.8423e-25
995.39	2.8469e-25
998.09	2.8515e-25
1000.8	2.8562e-25
1003.5	2.8609e-25
1006.2	2.8656e-25
1008.9	2.8703e-25
1011.7	2.8751e-25
1014.4	2.8799e-25
1017.2	2.8847e-25
1019.9	2.8896e-25
1022.7	2.8945e-25
1025.5	2.8994e-25
1028.2	2.9044e-25
1031	2.9094e-25
1033.8	2.9144e-25
1036.6	2.9194e-25
1039.4	2.9245e-25
1042.2	2.9296e-25
1045.1	2.9348e-25
1047.9	2.94e-25
1050.7	2.9452e-25
1053.6	2.9504e-25
1056.4	2.9557e-25
1059.3	2.961e-25
1062.2	2.9664e-25
1065	2.9718e-25
1067.9	2.9772e-25
1070.8	2.9826e-25
1073.7	2.9881e-25
1076.6	2.9936e-25
1079.5	2.9992e-25
1082.5	3.0047e-25
1085.4	3.0104e-25
1088.3	3.016e-25
1091.3	3.0217e-25
1094.2	3.0275e-25
1097.2	3.0332e-25
1100.2	3.039e-25
1103.1	3.0449e-25
1106.1	3.0507e-25
1109.1	3.0566e-25
1112.1	3.0626e-25
1115.1	3.0686e-25
1118.2	3.0746e-25
1121.2	3.0807e-25
1124.2	3.0868e-25
1127.3	3.0929e-25
1130.3	3.0991e-25
1133.4	3.1053e-25
1136.5	3.1116e-25
1139.5	3.1179e-25
1142.6	3.1242e-25
1145.7	3.1306e-25
1148.8	3.137e-25
1151.9	3.1435e-25
1155.1	3.15e-25
1158.2	3.1565e-25
1161.3	3.1631e-25
1164.5	3.1697e-25
1167.6	3.1764e-25
1170.8	3.1831e-25
1174	3.1899e-25
1177.1	3.1967e-25
1180.3	3.2035e-25
1183.5	3.2104e-25
1186.7	3.2173e-25
1189.9	3.2243e-25
1193.2	3.2314e-25
1196.4	3.2384e-25
1199.6	3.2455e-25
1202.9	3.2526e-25
1206.1	3.2598e-25
1209.4	3.2671e-25
1212.7	3.2743e-25
1216	3.2817e-25
1219.3	3.2891e-25
1222.6	3.2965e-25
1225.9	3.304e-25
1229.2	3.3115e-25
1232.5	3.3191e-25
1235.9	3.3267e-25
1239.2	3.3344e-25
1242.6	3.3421e-25
1245.9	3.3498e-25
1249.3	3.3577e-25
1252.7	3.3655e-25
1256.1	3.3734e-25
1259.5	3.3814e-25
1262.9	3.3894e-25
1266.3	3.3975e-25
1269.7	3.4056e-25
1273.2	3.4138e-25
1276.6	3.422e-25
1280.1	3.4303e-25
1283.6	3.4386e-25
1287	3.447e-25
1290.5	3.4555e-25
1294	3.464e-25
1297.5	3.4725e-25
1301	3.4811e-25
1304.6	3.4898e-25
1308.1	3.4985e-25
1311.6	3.5073e-25
1315.2	3.5161e-25
1318.7	3.525e-25
1322.3	3.5339e-25
1325.9	3.5429e-25
1329.5	3.552e-25
1333.1	3.5611e-25
1336.7	3.5703e-25
1340.3	3.5795e-25
1344	3.5888e-25
1347.6	3.5982e-25
1351.2	3.6076e-25
1354.9	3.6171e-25
1358.6	3.6266e-25
1362.3	3.6362e-25
1365.9	3.6459e-25
1369.6	3.6556e-25
1373.4	3.6654e-25
1377.1	3.6752e-25
1380.8	3.6851e-25
1384.5	3.6951e-25
1388.3	3.7052e-25
1392.1	3.7153e-25
1395.8	3.7255e-25
1399.6	3.7357e-25
1403.4	3.746e-25
1407.2	3.7564e-25
1411	3.7668e-25
1414.8	3.7773e-25
1418.7	3.7879e-25
1422.5	3.7986e-25
1426.4	3.8093e-25
1430.2	3.8205e-25
1434.1	3.8309e-25
1438	3.8418e-25
1441.9	3.8528e-25
1445.8	3.8639e-25
1449.7	3.8751e-25
1453.6	3.8863e-25
1457.6	3.8976e-25
1461.5	3.9089e-25
1465.5	3.9204e-25
1469.4	3.9319e-25
1473.4	3.9435e-25
1477.4	3.9551e-25
1481.4	3.9669e-25
1485.4	3.9787e-25
1489.4	3.9906e-25
1493.5	4.0025e-25
1497.5	4.0146e-25
1501.6	4.0267e-25
1505.6	4.0389e-25
1509.7	4.0512e-25
1513.8	4.0636e-25
1517.9	4.0761e-25
1522	4.0886e-25
1526.1	4.1012e-25
1530.3	4.1139e-25
1534.4	4.1267e-25
1538.6	4.1396e-25
1542.7	4.1525e-25
1546.9	4.1656e-25
1551.1	4.1787e-25
1555.3	4.1919e-25
1559.5	4.2052e-25
1563.7	4.2186e-25
1568	4.2321e-25
1572.2	4.2456e-25
1576.5	4.2593e-25
1580.8	4.273e-25
1585	4.2869e-25
1589.3	4.3008e-25
1593.6	4.3148e-25
1598	4.329e-25
1602.3	4.3432e-25
1606.6	4.3575e-25
1611	4.3719e-25
1615.3	4.3864e-25
1619.7	4.401e-25
1624.1	4.4157e-25
1628.5	4.4305e-25
1632.9	4.4454e-25
1637.3	4.4603e-25
1641.8	4.4754e-25
1646.2	4.4906e-25
1650.7	4.5059e-25
1655.1	4.5213e-25
1659.6	4.5368e-25
1664.1	4.5524e-25
1668.6	4.5684e-25
1673.1	4.584e-25
1677.7	4.5999e-25
1682.2	4.6159e-25
1686.8	4.6321e-25
1691.3	4.6483e-25
1695.9	4.6647e-25
1700.5	4.6811e-25
1705.1	4.6977e-25
1709.7	4.7144e-25
1714.4	4.7312e-25
1719	4.7482e-25
1723.7	4.7652e-25
1728.3	4.7824e-25
1733	4.7996e-25
1737.7	4.817e-25
1742.4	4.8345e-25
1747.1	4.8522e-25
1751.9	4.8699e-25
1756.6	4.8878e-25
1761.4	4.9058e-25
1766.1	4.9239e-25
1770.9	4.9421e-25
1775.7	4.9605e-25
1780.5	4.979e-25
1785.4	4.9976e-25
1790.2	5.0164e-25
1795	5.0353e-25
1799.9	5.0543e-25
1804.8	5.0734e-25
1809.7	5.0927e-25
1814.6	5.1121e-25
1819.5	5.1317e-25
1824.4	5.1513e-25
1829.4	5.1712e-25
1834.3	5.1911e-25
1839.3	5.2112e-25
1844.3	5.2314e-25
1849.3	5.2518e-25
1854.3	5.2723e-25
1859.3	5.293e-25
1864.3	5.3138e-25
1869.4	5.3348e-25
1874.4	5.3559e-25
1879.5	5.3771e-25
1884.6	5.3985e-25
1889.7	5.4201e-25
1894.8	5.4418e-25
1900	5.4637e-25
1905.1	5.4857e-25
1910.3	5.5078e-25
1915.4	5.5302e-25
1920.6	5.5527e-25
1925.8	5.5753e-25
1931	5.5981e-25
1936.3	5.6211e-25
1941.5	5.6442e-25
1946.8	5.6675e-25
1952	5.691e-25
1957.3	5.7146e-25
1962.6	5.7385e-25
1968	5.7624e-25
1973.3	5.7866e-25
1978.6	5.8109e-25
1984	5.8354e-25
1989.4	5.8601e-25
1994.7	5.885e-25
2000.2	5.91e-25
2005.6	5.9352e-25
2011	5.9607e-25
2016.4	5.9863e-25
2021.9	6.012e-25
2027.4	6.038e-25
2032.9	6.0642e-25
2038.4	6.0905e-25
2043.9	6.1171e-25
2049.4	6.1438e-25
2055	6.1708e-25
2060.6	6.1979e-25
2066.1	6.2253e-25
2071.7	6.2528e-25
2077.3	6.2806e-25
2083	6.3085e-25
2088.6	6.3367e-25
2094.3	6.3651e-25
2099.9	6.3937e-25
2105.6	6.4225e-25
2111.3	6.4515e-25
2117	6.4807e-25
2122.8	6.5102e-25
2128.5	6.5399e-25
2134.3	6.5698e-25
2140.1	6.5999e-25
2145.9	6.6363e-25
2151.7	6.6609e-25
2157.5	6.6917e-25
2163.4	6.7228e-25
2169.2	6.7541e-25
2175.1	6.7857e-25
2181	6.8174e-25
2186.9	6.8495e-25
2192.8	6.8818e-25
2198.8	6.9143e-25
2204.7	6.9471e-25
2210.7	6.9801e-25
2216.7	7.0134e-25
2222.7	7.047e-25
2228.7	7.0808e-25
2234.7	7.1148e-25
2240.8	7.1492e-25
2246.9	7.1838e-25
2252.9	7.2187e-25
2259	7.2539e-25
2265.2	7.2893e-25
2271.3	7.325e-25
2277.4	7.361e-25
2283.6	7.3974e-25
2289.8	7.434e-25
2296	7.4709e-25
2302.2	7.5081e-25
2308.5	7.5456e-25
2314.7	7.5835e-25
2321	7.6216e-25
2327.3	7.66e-25
2333.6	7.6988e-25
2339.9	7.7378e-25
2346.2	7.7772e-25
2352.6	7.8169e-25
2358.9	7.8569e-25
2365.3	7.8972e-25
2371.7	7.9379e-25
2378.2	7.9788e-25
2384.6	8.0207e-25
2391.1	8.0618e-25
2397.5	8.1039e-25
2404	8.1462e-25
2410.5	8.1889e-25
2417.1	8.232e-25
2423.6	8.2754e-25
2430.2	8.3192e-25
2436.8	8.3633e-25
2443.4	8.4078e-25
2450	8.4527e-25
2456.6	8.498e-25
2463.3	8.5436e-25
2469.9	8.5896e-25
2476.6	8.636e-25
2483.3	8.6828e-25
2490.1	8.73e-25
2496.8	8.7776e-25
2503.6	8.8256e-25
2510.4	8.874e-25
2517.2	8.9228e-25
2524	8.972e-25
2530.8	9.0217e-25
2537.7	9.0717e-25
2544.5	9.1222e-25
2551.4	9.1731e-25
2558.3	9.2245e-25
2565.3	9.2763e-25
2572.2	9.3285e-25
2579.2	9.3812e-25
2586.2	9.4343e-25
2593.2	9.4879e-25
2600.2	9.542e-25
2607.2	9.5965e-25
2614.3	9.6515e-25
2621.4	9.7069e-25
2628.5	9.7628e-25
2635.6	9.8193e-25
2642.7	9.8761e-25
2649.9	9.9335e-25
2657.1	9.9914e-25
2664.3	1.005e-24
2671.5	1.0109e-24
2678.7	1.0168e-24
2686	1.0228e-24
2693.3	1.0288e-24
2700.6	1.0349e-24
2707.9	1.041e-24
2715.2	1.0472e-24
2722.6	1.0535e-24
2729.9	1.0598e-24
2737.3	1.0661e-24
2744.7	1.0725e-24
2752.2	1.079e-24
2759.6	1.0855e-24
2767.1	1.092e-24
2774.6	1.0987e-24
2782.1	1.1053e-24
2789.6	1.112e-24
2797.2	1.1188e-24
2804.8	1.1256e-24
2812.4	1.1325e-24
2820	1.1395e-24
2827.6	1.1464e-24
2835.3	1.1535e-24
2843	1.1606e-24
2850.7	1.1677e-24
2858.4	1.1749e-24
2866.1	1.1822e-24
2873.9	1.1895e-24
2881.7	1.1968e-24
2889.5	1.2042e-24
2897.3	1.2117e-24
2905.2	1.2192e-24
2913	1.2267e-24
2920.9	1.2343e-24
2928.8	1.2419e-24
2936.8	1.2496e-24
2944.7	1.2573e-24
2952.7	1.2651e-24
2960.7	1.2729e-24
2968.7	1.2807e-24
2976.7	1.2886e-24
2984.8	1.2965e-24
2992.9	1.3044e-24
3001	1.3123e-24
3009.1	1.3203e-24
3017.3	1.3283e-24
3025.4	1.3363e-24
3033.6	1.3444e-24
3041.9	1.3524e-24
3050.1	1.3605e-24
3058.4	1.3685e-24
3066.6	1.3766e-24
3074.9	1.3846e-24
3083.3	1.3926e-24
3091.6	1.4007e-24
3100	1.4087e-24
3108.4	1.4166e-24
3116.8	1.4245e-24
3125.3	1.4324e-24
3133.7	1.4402e-24
3142.2	1.448e-24
3150.7	1.4557e-24
3159.3	1.4633e-24
3167.8	1.4708e-24
3176.4	1.4783e-24
3185	1.4856e-24
3193.6	1.4928e-24
3202.3	1.4999e-24
3210.9	1.5068e-24
3219.6	1.5136e-24
3228.4	1.5202e-24
3237.1	1.5267e-24
3245.9	1.5329e-24
3254.7	1.539e-24
3263.5	1.5448e-24
3272.3	1.5504e-24
3281.2	1.5557e-24
3290.1	1.5607e-24
3299	1.5655e-24
3307.9	1.57e-24
3316.9	1.5741e-24
3325.9	1.5779e-24
3334.9	1.5813e-24
3343.9	1.5844e-24
3353	1.5871e-24
3362	1.5893e-24
3371.1	1.5912e-24
3380.3	1.5925e-24
3389.4	1.5935e-24
3398.6	1.5939e-24
3407.8	1.5938e-24
3417	1.5933e-24
3426.3	1.5921e-24
3435.6	1.5905e-24
3444.9	1.5883e-24
3454.2	1.5855e-24
3463.6	1.5821e-24
3472.9	1.5782e-24
3482.4	1.5736e-24
3491.8	1.5685e-24
3501.2	1.5627e-24
3510.7	1.5563e-24
3520.2	1.5493e-24
3529.8	1.5416e-24
3539.3	1.5334e-24
3548.9	1.5245e-24
3558.5	1.5151e-24
3568.2	1.505e-24
3577.8	1.4944e-24
3587.5	1.4831e-24
3597.2	1.4713e-24
3607	1.459e-24
3616.8	1.4461e-24
3626.5	1.4327e-24
3636.4	1.4188e-24
3646.2	1.4045e-24
3656.1	1.3897e-24
3666	1.3745e-24
3675.9	1.3589e-24
3685.9	1.3429e-24
3695.9	1.3266e-24
3705.9	1.3099e-24
3715.9	1.293e-24
3726	1.2759e-24
3736.1	1.2585e-24
3746.2	1.2409e-24
3756.3	1.2232e-24
3766.5	1.2054e-24
3776.7	1.1874e-24
3786.9	1.1694e-24
3797.2	1.1514e-24
3807.5	1.1333e-24
3817.8	1.1153e-24
3828.1	1.0973e-24
3838.5	1.0794e-24
3848.9	1.0616e-24
3859.3	1.044e-24
3869.8	1.0265e-24
3880.3	1.0092e-24
3890.8	9.9212e-25
3901.3	9.7528e-25
3911.9	9.587e-25
3922.5	9.424e-25
3933.1	9.2642e-25
3943.7	9.1076e-25
3954.4	8.9545e-25
3965.1	8.8051e-25
3975.9	8.6597e-25
3986.6	8.5183e-25
3997.4	8.3812e-25
4008.3	8.2486e-25
4019.1	8.1206e-25
4030	7.9973e-25
4040.9	7.879e-25
4051.9	7.7657e-25
4062.8	7.6577e-25
4073.8	7.5549e-25
4084.9	7.4575e-25
4095.9	7.3657e-25
4107	7.2795e-25
4118.2	7.199e-25
4129.3	7.1242e-25
4140.5	7.0553e-25
4151.7	6.9921e-25
4163	6.9349e-25
4174.2	6.8835e-25
4185.5	6.838e-25
4196.9	6.7984e-25
4208.2	6.7645e-25
4219.6	6.7365e-25
4231.1	6.7142e-25
4242.5	6.6975e-25
4254	6.6863e-25
4265.5	6.6807e-25
4277.1	6.6803e-25
4288.7	6.6853e-25
4300.3	6.6953e-25
4311.9	6.7103e-25
4323.6	6.7301e-25
4335.3	6.7546e-25
4347.1	6.7836e-25
4358.8	6.817e-25
4370.7	6.8546e-25
4382.5	6.8963e-25
4394.4	6.9419e-25
4406.3	6.9912e-25
4418.2	7.0441e-25
4430.2	7.1005e-25
4442.2	7.1601e-25
4454.2	7.2229e-25
4466.3	7.2886e-25
4478.4	7.3572e-25
4490.5	7.4286e-25
4502.6	7.5025e-25
4514.8	7.5788e-25
4527.1	7.6576e-25
4539.3	7.7385e-25
4551.6	7.8216e-25
4564	7.9066e-25
4576.3	7.9936e-25
4588.7	8.0824e-25
4601.1	8.1729e-25
4613.6	8.2651e-25
4626.1	8.3588e-25
4638.6	8.454e-25
4651.2	8.5507e-25
4663.8	8.6486e-25
4676.4	8.7479e-25
4689.1	8.8483e-25
4701.8	8.95e-25
4714.5	9.0527e-25
4727.3	9.1565e-25
4740.1	9.2613e-25
4752.9	9.3671e-25
4765.8	9.4739e-25
4778.7	9.5815e-25
4791.7	9.69e-25
4804.6	9.7993e-25
4817.6	9.9094e-25
4830.7	1.002e-24
4843.8	1.0132e-24
4856.9	1.0244e-24
4870.1	1.0357e-24
4883.2	1.0471e-24
4896.5	1.0585e-24
4909.7	1.07e-24
4923	1.0816e-24
4936.4	1.0932e-24
4949.7	1.1049e-24
4963.1	1.1166e-24
4976.6	1.1284e-24
4990.1	1.1402e-24
5003.6	1.1521e-24
5017.1	1.1641e-24
5030.7	1.1761e-24
5044.3	1.1882e-24
5058	1.2003e-24
5071.7	1.2124e-24
5085.4	1.2247e-24
5099.2	1.2369e-24
5113	1.2492e-24
5126.9	1.2616e-24
5140.8	1.274e-24
5154.7	1.2865e-24
5168.6	1.299e-24
5182.6	1.3115e-24
5196.7	1.3241e-24
5210.8	1.3368e-24
5224.9	1.3495e-24
5239	1.3623e-24
5253.2	1.3751e-24
5267.4	1.3879e-24
5281.7	1.4008e-24
5296	1.4138e-24
5310.4	1.4268e-24
5324.7	1.4398e-24
5339.2	1.4529e-24
5353.6	1.4661e-24
5368.1	1.4793e-24
5382.7	1.4925e-24
5397.2	1.5058e-24
5411.9	1.5192e-24
5426.5	1.5326e-24
5441.2	1.546e-24
5456	1.5595e-24
5470.7	1.5731e-24
5485.5	1.5867e-24
5500.4	1.6004e-24
5515.3	1.6141e-24
5530.2	1.6279e-24
5545.2	1.6417e-24
5560.2	1.6556e-24
5575.3	1.6696e-24
5590.4	1.6836e-24
5605.5	1.6976e-24
5620.7	1.7117e-24
5635.9	1.7259e-24
5651.2	1.7402e-24
5666.5	1.7545e-24
5681.9	1.7688e-24
5697.3	1.7832e-24
5712.7	1.7977e-24
5728.2	1.8122e-24
5743.7	1.8268e-24
5759.2	1.8415e-24
5774.8	1.8562e-24
5790.5	1.871e-24
5806.2	1.8859e-24
5821.9	1.9008e-24
5837.6	1.9158e-24
5853.5	1.9308e-24
5869.3	1.9459e-24
5885.2	1.9611e-24
5901.1	1.9764e-24
5917.1	1.9917e-24
5933.2	2.0071e-24
5949.2	2.0225e-24
5965.3	2.0381e-24
5981.5	2.0536e-24
5997.7	2.0693e-24
6013.9	2.085e-24
6030.2	2.1008e-24
6046.6	2.1167e-24
6062.9	2.1327e-24
6079.4	2.1487e-24
6095.8	2.1648e-24
6112.3	2.1809e-24
6128.9	2.1971e-24
6145.5	2.2135e-24
6162.1	2.2298e-24
6178.8	2.2463e-24
6195.6	2.2628e-24
6212.3	2.2794e-24
6229.2	2.2961e-24
6246	2.3128e-24
6263	2.3296e-24
6279.9	2.3465e-24
6296.9	2.3635e-24
6314	2.3805e-24
6331.1	2.3976e-24
6348.2	2.4148e-24
6365.4	2.432e-24
6382.7	2.4493e-24
6400	2.4667e-24
6417.3	2.4842e-24
6434.7	2.5017e-24
6452.1	2.5193e-24
6469.6	2.5369e-24
6487.1	2.5546e-24
6504.7	2.5724e-24
6522.3	2.5902e-24
6540	2.6081e-24
6557.7	2.626e-24
6575.4	2.644e-24
6593.2	2.6621e-24
6611.1	2.6801e-24
6629	2.6982e-24
6647	2.7164e-24
6665	2.7346e-24
6683	2.7528e-24
6701.1	2.771e-24
6719.3	2.7892e-24
6737.5	2.8074e-24
6755.7	2.8256e-24
6774	2.8438e-24
6792.4	2.862e-24
6810.7	2.8802e-24
6829.2	2.8983e-24
6847.7	2.9163e-24
6866.2	2.9342e-24
6884.8	2.9521e-24
6903.5	2.9698e-24
6922.2	2.9874e-24
6940.9	3.0049e-24
6959.7	3.0221e-24
6978.6	3.0391e-24
6997.5	3.0559e-24
7016.4	3.0724e-24
7035.4	3.0886e-24
7054.5	3.1044e-24
7073.6	3.1197e-24
7092.8	3.1346e-24
7112	3.149e-24
7131.2	3.1627e-24
7150.5	3.1757e-24
7169.9	3.1879e-24
7189.3	3.1993e-24
7208.8	3.2096e-24
7228.3	3.2188e-24
7247.9	3.2268e-24
7267.5	3.2333e-24
7287.2	3.2382e-24
7307	3.2413e-24
7326.7	3.2423e-24
7346.6	3.2411e-24
7366.5	3.2374e-24
7386.4	3.2308e-24
7406.4	3.221e-24
7426.5	3.2076e-24
7446.6	3.1904e-24
7466.8	3.1688e-24
7487	3.1425e-24
7507.3	3.1111e-24
7527.6	3.0742e-24
7548	3.0314e-24
7568.5	2.9825e-24
7589	2.9274e-24
7609.5	2.8662e-24
7630.1	2.7993e-24
7650.8	2.7271e-24
7671.5	2.651e-24
7692.3	2.5727e-24
7713.1	2.4944e-24
7734	2.4187e-24
7755	2.349e-24
7776	2.2888e-24
7797	2.2416e-24
7818.1	2.2107e-24
7839.3	2.1982e-24
7860.6	2.2054e-24
7881.8	2.2321e-24
7903.2	2.2769e-24
7924.6	2.3374e-24
7946.1	2.4109e-24
7967.6	2.4944e-24
7989.2	2.585e-24
8010.8	2.6803e-24
8032.5	2.7781e-24
8054.3	2.8769e-24
8076.1	2.9753e-24
8097.9	3.0724e-24
8119.9	3.1676e-24
8141.9	3.2605e-24
8163.9	3.3507e-24
8186	3.4383e-24
8208.2	3.5231e-24
8230.4	3.6052e-24
8252.7	3.6848e-24
8275.1	3.7618e-24
8297.5	3.8365e-24
8320	3.9091e-24
8342.5	3.9796e-24
8365.1	4.0482e-24
8387.8	4.1152e-24
8410.5	4.1805e-24
8433.2	4.2445e-24
8456.1	4.3071e-24
8479	4.3686e-24
8502	4.429e-24
8525	4.4885e-24
8548.1	4.5472e-24
8571.2	4.6051e-24
8594.4	4.6624e-24
8617.7	4.7192e-24
8641.1	4.7754e-24
8664.5	4.8313e-24
8687.9	4.8869e-24
8711.5	4.9422e-24
8735.1	4.9972e-24
8758.7	5.0522e-24
8782.4	5.1071e-24
8806.2	5.1619e-24
8830.1	5.2168e-24
8854	5.2717e-24
8878	5.3268e-24
8902	5.382e-24
8926.1	5.4374e-24
8950.3	5.4932e-24
8974.5	5.5492e-24
8998.9	5.6055e-24
9023.2	5.6623e-24
9047.7	5.7194e-24
9072.2	5.7771e-24
9096.7	5.8352e-24
9121.4	5.894e-24
9146.1	5.9533e-24
9170.9	6.0132e-24
9195.7	6.0739e-24
9220.6	6.1353e-24
9245.6	6.1975e-24
9270.6	6.2605e-24
9295.7	6.3244e-24
9320.9	6.3892e-24
9346.2	6.455e-24
9371.5	6.5219e-24
9396.8	6.5899e-24
9422.3	6.6591e-24
9447.8	6.7294e-24
9473.4	6.8012e-24
9499.1	6.8743e-24
9524.8	6.9488e-24
9550.6	7.0249e-24
9576.5	7.1027e-24
9602.4	7.1822e-24
9628.4	7.2635e-24
9654.5	7.3468e-24
9680.6	7.4322e-24
9706.9	7.5198e-24
9733.1	7.6097e-24
9759.5	7.7021e-24
9785.9	7.7972e-24
9812.4	7.8951e-24
9839	7.996e-24
9865.7	8.1002e-24
9892.4	8.2078e-24
9919.2	8.3192e-24
9946	8.4346e-24
9973	8.5544e-24
10000	8.6788e-24
